95.8
95.6
95.6
95.6
95.6
95.5
95.5
95.4
95.4
95.4
95.4
95.4
95.4
95.4
95.4
95.4
95.4
95.4
95.4
95.4
95.4
95.4
95.3
95.3
95.3
95.3
95.3
95.3
95.3
95.3
95.3
95.3
95.3
95.2
95.2
95.2
95.2
95.2
95.2
95.2
95.2
95.2
95.2
95.2
95.2
95.2
95.2
95.2
95.2
95.2
95.2
95.2
95.2
95.2
95.2
95.2
95.2
95.2
95.2
95.2
95.2
95.1
95.1
95.1
95.1
95.1
95.1
95.1
95.1
95.1
95.1
95.1
95.1
95.1
95.1
95.1
95.1
95.1
95.1
95.1
95.1
95.1
95.1
95.1
95.1
95.1
95.1
95.1
95.1
95.1
95.1
95.1
95.1
95.1
95.1
95.1
95.1
95.1
95.1
95.1
95.1
95.1
95.1
95.1
95.1
95.1
95.1
95.1
95.1
95.1
95.1
95.1
95.1
95.1
95.1
95.1
95.1
95.1
95.1
95.1
95.1
95.0
95.0
95.0
95.0
95.0
95.0
95.0
95.0
95.0
95.0
95.0
95.0
95.0
95.0
95.0
95.0
95.0
95.0
95.0
95.0
95.0
95.0
95.0
95.0
95.0
95.0
95.0
95.0
95.0
95.0
94.9
94.9
94.9
94.9
94.9
94.9
94.9
94.9
94.9
94.9
94.9
94.9
94.9
94.9
94.9
94.9
94.9
94.9
94.9
94.9
94.9
94.9
94.9
94.9
94.9
94.9
94.9
94.9
94.9
94.9
94.9
94.9
94.9
94.9
94.9
94.9
94.9
94.9
94.9
94.9
94.9
94.9
94.9
94.9
94.9
94.9
94.9
94.9
94.9
94.9
94.9
94.9
94.8
94.8
94.8
94.8
94.8
94.8
94.8
94.8
94.8
94.8
94.8
94.8
94.8
94.8
94.8
94.8
94.8
94.8
94.8
94.8
94.8
94.8
94.8
94.8
94.8
94.8
94.8
94.8
94.8
94.8
94.8
94.8
94.8
94.8
94.8
94.8
94.8
94.8
94.8
94.8
94.8
94.7
94.7
94.7
94.7
94.7
94.7
94.7
94.7
94.7
94.7
94.7
94.7
94.7
94.7
94.7
94.7
94.7
94.7
94.7
94.7
94.7
94.7
94.7
94.7
94.7
94.6
94.6
94.6
94.6
94.6
94.6
94.6
94.6
94.6
94.6
94.6
94.6
94.6
94.6
94.6
94.6
94.6
94.6
94.6
94.6
94.6
94.6
94.6
94.6
94.6
94.6
94.6
94.6
94.6
94.6
94.6
94.6
94.6
94.6
94.6
94.6
94.6
94.6
94.6
94.6
94.6
94.6
94.5
94.5
94.5
94.5
94.5
94.5
94.5
94.5
94.5
94.5
94.5
94.5
94.4
94.4
94.4
94.4
94.4
94.4
94.4
94.4
94.4
94.4
94.4
94.4
94.4
94.4
94.4
94.4
94.4
94.4
94.4
94.4
94.4
94.4
94.4
94.4
94.4
94.4
94.4
94.4
94.4
94.3
94.3
94.3
94.3
94.3
94.3
94.3
94.2
94.2
94.2
94.2
94.2
94.2
94.2
94.2
94.2
94.2
94.2
94.2
94.2
94.2
94.2
94.1
94.1
94.1
94.1
94.1
94.1
94.1
94.1
94.1
94.1
94.1
94.1
94.1
94.1
94.1
94.1
94.1
94.1
94.1
94.1
94.1
94.1
94.1
94.1
94.1
94.1
94.0
94.0
94.0
94.0
94.0
94.0
93.9
93.9
93.9
93.9
93.9
93.9
93.9
93.9
93.9
93.9
93.9
93.9
93.9
93.9
93.9
93.9
93.9
93.9
93.8
93.8
93.8
93.8
93.8
93.8
93.8
93.8
93.8
93.8
93.8
93.8
93.8
93.8
93.7
93.7
93.7
93.6
93.6
93.6
93.6
93.6
93.6
93.6
93.6
93.6
93.6
93.5
93.5
93.5
93.5
93.4
93.4
93.4
93.4
93.4
93.4
93.4
93.4
93.4
93.4
93.3
93.3
93.3
93.3
93.2
93.2
93.2
93.2
93.2
93.2
93.1
93.1
93.1
93.1
93.1
93.1
93.0
92.9
92.9
92.9
92.8
92.8
92.8
92.7
92.7
92.6
92.6
92.5
92.4
92.4
92.4
92.2
92.1
91.9
91.6
