96.23330015452224
96.79485222591296
96.86550272598225
95.87395099530401
96.25894141651489
96.24135800966503
96.43588648423221
96.22996401359542
96.94317915426782
96.63664147608522
96.53254827310529
96.83787775966918
96.64192948650872
96.35778523170111
96.78538712431907
96.68591779268962
96.411886440469
96.77879391697948
96.64975688083507
96.98114918120716
95.84384625033789
96.1035655116432
96.47168599950587
96.21504411831368
96.57973767572851
96.77019201267188
96.7989886620362
95.8283550678381
96.6890254168294
95.83204130530147
97.08448814542626
96.93275221730312
96.50976977791417
96.21542148428591
96.37526770261043
96.9148641674528
96.32728454592869
96.76854495230664
96.83572486437444
96.55245778191042
96.85156085325181
96.77749808027905
95.43895784454165
95.70327838093574
96.54925165456568
97.07317465078215
95.77724837035954
96.11195399802502
96.88477490810445
97.13503923380074
96.48785681556383
96.01536213837299
95.91680931549409
96.15357215219322
96.90672612323006
96.33321767332056
96.5459616054735
96.45621043584784
96.87702822421691
96.55729943404641
96.21212344994518
96.03917640672968
96.55195483479103
97.01118709043745
96.91515174033397
96.64057361641555
96.62498880399359
96.88359859051803
96.25955800575315
97.02859747723382
96.67708574387598
96.9027078905399
96.7002496505181
96.23045245883773
97.12736981233716
96.83280911945835
95.91492197383506
95.60271513115855
96.06283740392057
94.55671961104609
96.49908762302671
96.27867196562714
95.92261813475538
96.83266662923008
96.46226026670053
96.55998574042242
95.93894316330064
95.79861264846485
96.63407248177973
96.57623860717881
97.07889657059594
96.43552117109817
96.81548073335988
96.88699628140041
96.86570828006207
96.43176957059697
96.73919031745169
96.7733339852616
96.00462927580773
96.3490070527826
96.46294826082865
96.5065133247069
96.55566264843152
96.68516161784656
96.79845682976614
96.48385138748469
96.16053514270831
96.8309791550809
96.85864819719986
96.05711406128955
96.60656582169415
96.59260686174387
96.0080065678438
96.94258390537063
96.42753721587788
96.5411331817416
95.73660203997181
95.90802162428066
97.11373502641055
96.47729397522527
95.87941643559252
97.14967878650772
95.76674122682613
95.85055621852949
96.53839130718504
95.53238345308749
96.84086763292436
96.62407893424094
96.83744266714167
96.04170552422839
96.66480553229961
97.0316193887823
97.09208626565629
97.02259116929781
96.9115189213625
96.87586646733006
96.0170737609494
96.74371623097119
96.4985314139138
96.14721576921883
96.1258706451043
95.4852731753698
96.85359531406395
94.93948122075585
96.37938518660042
96.6800031180077
95.97976220046787
96.95399104770367
96.08195191767888
96.16945490096582
96.88390765267701
95.9812716231583
96.87063253254246
96.88060657703623
96.93202191717795
96.87440115526512
96.17044906685298
96.89031611505244
96.95306128102536
96.87249881257881
95.34950714782445
96.38191100606956
96.47062852658064
97.11935264897824
96.45995447834927
95.40704973085965
96.28388676850457
96.24754257145474
96.34250655476356
96.6347570848578
96.09281612030108
96.67704748604017
96.83485705696529
96.7025434801723
95.80837254304203
96.76239833894795
96.80451809045064
96.88633249640922
96.40524459891286
96.56342486713835
95.68682821689625
94.92281094326609
95.86967514177002
96.96949249414233
96.76618177850955
96.1236175329287
96.92536480919082
96.7585956467338
96.76640166171832
96.82298822156267
95.92585602158215
96.93319522272417
96.13280867640444
97.01265726934285
95.7036592506802
96.78691932038959
96.22818173181147
96.91069980827885
96.57367353238791
96.87222823220432
96.37724485829739
96.02207001811682
97.02736869425055
96.68656925519521
96.2994347091502
96.48904647339918
96.41682043215587
95.99412225306318
96.62274064870118
96.32485657890479
97.15240992881326
96.34309944415037
97.07574682242496
96.62045401102826
93.09081762080757
92.81595702751746
96.90978785661629
97.20827793638861
92.41506723948925
96.78058786155869
96.55625069515706
97.12292569829245
96.35416832967005
96.73706133847811
96.74891365279429
97.1329045443795
96.64622690417667
96.58267754672994
96.50414811628579
96.55902502496029
96.88512974159467
96.75392673948713
96.96262033273109
96.13205476673436
96.10876429168452
96.09010793052862
97.04349074902159
96.4790845516037
95.75078630654147
96.52988439210597
97.02333626575229
96.0906753346354
96.6124152257164
96.73554101932835
96.54781435742139
96.81682764994018
96.90155405311543
95.94799737950773
96.26340446535181
96.30939856786861
96.76232883431102
96.03591410210475
96.83254578335345
96.97866872920125
95.82890366458447
96.73947119483684
96.58774508599393
96.64530595967159
97.01855344478122
96.9964532909318
96.65921222107708
96.0281611081451
96.32937171985864
96.84944752755545
94.8029916701315
96.86190417826994
96.13149867399386
96.52628382525468
96.84087668229434
96.12284373924977
96.30181188288515
96.55487324843968
96.33304239863227
96.96229508299552
96.63174867177783
96.60747779438991
96.75611086132186
96.63782922692674
96.78012935250744
97.00161712559532
96.19735562495595
96.55897667243133
95.603320866358
96.78706613447775
96.26838300567255
97.03695543591716
96.75071584898748
96.92756017063732
97.01182172012518
96.80560994972718
96.93495845476534
96.50584313237033
96.65428471832033
96.75413095583735
96.07150028815909
95.86077748076781
97.13530519444743
96.01119788162315
96.94601204168859
96.85627574830849
96.58308186915015
96.77998775849443
96.86341203095883
97.0213230663506
96.12131299536664
95.98604697031735
96.01650051398305
96.82015228133689
96.0819741841082
96.67786742129056
96.69040628012134
96.31625582814645
96.52466039889067
96.01255239155604
96.4603367922899
96.49696952807334
96.56179712883767
96.44090005737934
96.93941893883566
96.93416074028436
96.16167516894205
96.75651115522601
97.13565110868682
96.41031913257594
96.26231378441982
96.97387575281257
95.94022085991688
96.88482949186995
96.96042252078435
97.27194623780963
96.12835784106169
96.83530769222219
96.35924242443411
96.6126924287887
96.63752222719106
95.85940913997113
96.78436212280334
96.07417737969497
96.3769675998902
96.86366055446123
96.58935998093162
96.20851588115255
95.70633992184975
97.15023683472427
96.97888226544507
95.63032418917201
96.76992899475134
95.29103633962575
96.3533475595302
95.87585094788673
96.6207203206468
96.57982295553904
95.25388061749177
96.3345413569231
96.52548352455621
96.77252422175314
96.97380992959951
97.07066698715195
97.00667901827433
95.91935731257176
95.65315795547329
96.36623049432694
96.30980281457812
96.9010431721407
96.47832637488638
96.32706088814409
96.3493278195085
96.7212384839517
96.61751469093633
96.98903616514552
96.53094033841623
96.64576101122226
95.97344612522869
96.56856873475776
96.69016031221082
96.6389875781872
96.56102269080813
94.32449285108672
96.01558055072252
96.93879719361566
96.23438200956831
96.6394974360391
96.15516594555424
96.66187611427569
96.24387364605926
96.93191965624293
96.3040953246623
96.46250672651105
96.52046576160178
95.69505968687002
96.29400281951146
96.77518788025866
97.04190461768066
96.31724034236372
96.43611298679429
96.97442743086887
96.9340796162649
96.39888093200365
96.91865360985784
96.84842767141537
95.97055537794175
96.67093609898674
95.88554376255482
96.86177205974161
96.94959309779003
96.02326237115194
96.91676950489303
96.24306397305315
95.57808679431606
96.40213039916762
96.90377820440959
96.5267518739181
96.78878498908638
95.60889322511491
96.77999561441932
96.68550013404291
96.84889706335456
95.96897366279666
96.5334517547431
96.42492745172949
96.10283757638167
96.95200895171222
96.79548127714403
96.98348189286753
95.68046105757219
96.29537376726783
96.76006486085768
96.76435855237001
97.1959857563118
95.65164198066375
96.31963306492
96.79688892117314
97.12705178810246
96.11110456172622
96.04169508492218
96.67742645512965
96.75858809208876
96.497102188377
96.92592620244353
96.37819592931906
96.78148928886885
96.57155585810965
96.82366713773709
96.45258227386998
96.96583556235377
96.0864955371927
96.51007481829176
96.889479658236
96.01508940154831
96.69202971726097
96.961289646657
94.50952211557379
96.1221550633396
96.62850801713891
96.02327934765178
96.81474147161693
97.06066603556948
96.28792185112067
96.80883850324939
95.97771889398523
96.5554094751697
96.25105439522503
96.88345190995157
96.87837900316994
96.87298077928942
96.66511767336517
95.12555697828085
96.84323761287582
96.53447023600863
96.27230123118792
95.98292348579412
96.41436776763152
96.98424511032015
96.59387528696763
96.19499820066206
96.89925007818576
96.08175442834931
96.38790154503891
95.67316039764864
96.9337483918017
96.46235181934591
96.29492536774161
96.66950648908102
95.56966898698028
96.60671805238354
96.88192915380081
96.79970796855402
96.49107395466812
96.34806357389202
96.6746258044686
96.54164426344467
96.94416837900053
96.9057565890674
96.56039008656904
96.22540435310951
96.5688448722723
96.9603223804487
96.28891102360143
96.20688484428754
95.87903586217026
