95.4
95.1
94.8
94.8
94.6
94.6
94.6
94.5
94.5
94.4
94.4
94.4
94.4
94.4
94.3
94.3
94.3
94.3
94.3
94.2
94.2
94.2
94.1
94.1
94.1
94.1
94.1
94.1
94.1
94.1
94.1
94.1
94.0
94.0
94.0
94.0
93.9
93.9
93.9
93.9
93.8
93.8
93.8
93.8
93.8
93.8
93.8
93.8
93.8
93.8
93.8
93.7
93.7
93.7
93.7
93.6
93.6
93.6
93.6
93.6
93.6
93.6
93.5
93.5
93.5
93.4
93.4
93.4
93.4
93.4
93.4
93.4
93.4
93.4
93.3
93.3
93.3
93.3
93.3
93.2
93.2
93.2
93.2
93.2
93.2
93.2
93.1
93.1
93.1
93.1
93.1
93.1
93.0
93.0
93.0
93.0
92.9
92.9
92.9
92.9
92.9
92.9
92.9
92.8
92.8
92.8
92.8
92.8
92.7
92.7
92.7
92.7
92.7
92.7
92.6
92.6
92.4
92.4
92.4
92.4
92.4
92.4
92.4
92.3
92.3
92.3
92.3
92.2
92.2
92.2
92.1
92.1
92.0
92.0
91.9
91.9
91.9
91.9
91.8
91.7
91.7
91.6
91.6
91.5
91.4
91.4
91.2
91.2
91.1
91.1
90.9
90.8
90.8
90.7
90.7
90.6
90.6
90.4
90.2
90.1
90.1
90.1
90.1
90.0
89.8
89.8
89.5
89.4
89.2
88.8
88.8
88.6
88.4
88.2
88.1
88.1
87.9
87.9
87.9
87.9
87.9
87.8
87.8
87.4
87.2
87.0
87.0
86.9
86.8
86.0
85.9
85.6
85.0
84.9
84.8
84.7
84.6
84.5
84.3
83.1
83.1
83.0
82.8
82.4
82.3
82.2
82.2
81.7
81.6
81.3
81.0
80.9
80.8
80.4
79.7
79.2
79.2
78.8
78.7
78.7
77.9
77.6
77.6
77.4
77.4
77.3
77.0
76.0
75.8
75.5
75.4
75.4
75.3
74.9
74.6
74.1
73.8
73.6
73.0
72.1
71.9
71.7
71.1
70.6
69.9
69.9
68.7
68.6
68.2
68.1
67.7
67.6
67.2
67.0
66.9
66.3
66.2
65.6
65.5
65.2
64.9
64.8
64.8
64.4
64.4
63.9
63.9
63.6
63.5
63.4
62.8
62.7
62.6
62.3
62.3
62.2
62.1
61.4
61.4
61.2
60.9
60.9
60.5
60.5
60.3
60.3
60.2
60.1
59.8
59.7
59.5
59.2
59.0
58.3
57.8
57.7
57.6
57.3
56.8
56.6
56.5
56.5
55.5
55.4
55.3
55.2
54.8
54.4
54.2
54.0
53.8
53.6
53.6
53.5
53.5
53.2
53.1
52.5
52.4
52.3
52.3
52.1
52.1
52.1
52.0
52.0
52.0
51.9
51.6
51.3
51.2
51.2
51.2
51.1
51.1
51.0
50.8
50.8
50.8
50.7
50.7
50.6
50.5
50.3
50.1
50.0
49.8
49.6
49.3
49.2
49.2
48.9
48.9
48.8
48.5
48.4
48.3
48.2
48.2
47.9
47.5
47.4
47.3
47.1
47.0
46.8
46.8
46.7
46.6
46.5
46.5
46.5
46.3
46.0
46.0
45.9
45.9
45.8
45.2
45.2
45.0
44.8
44.8
44.4
44.4
44.2
44.1
44.0
44.0
43.8
43.6
43.4
43.4
43.4
43.3
43.3
43.3
43.2
43.2
43.1
43.0
43.0
42.9
42.8
42.2
42.1
42.1
42.1
41.8
41.7
41.6
41.5
41.4
41.4
41.2
41.0
40.8
40.7
40.6
40.4
40.3
40.3
40.2
40.2
40.1
39.8
39.7
39.7
39.7
39.3
38.8
38.3
38.3
38.2
38.1
38.1
37.2
37.2
36.9
36.8
36.6
36.6
36.6
36.5
36.0
36.0
35.8
35.5
35.3
34.7
34.5
34.5
34.2
33.9
33.8
33.6
33.3
33.3
33.2
33.1
33.0
32.9
32.7
32.6
32.5
32.3
32.3
32.2
32.2
31.9
31.9
31.9
31.7
31.7
31.5
31.4
30.9
30.3
30.2
30.0
29.7
29.7
29.6
29.3
29.3
29.2
28.8
28.8
28.8
28.5
28.4
28.2
28.1
28.0
27.6
27.4
27.1
27.0
26.8
25.9
