95.3
95.2
95.2
95.2
95.2
95.2
95.2
95.2
95.2
95.2
95.2
95.2
95.2
95.1
95.1
95.1
95.1
95.1
95.1
95.1
95.1
95.1
95.1
95.1
95.1
95.1
95.1
95.1
95.1
95.1
95.1
95.1
95.1
95.1
95.1
95.1
95.1
95.1
95.1
95.1
95.0
95.0
95.0
95.0
95.0
95.0
95.0
95.0
95.0
95.0
95.0
95.0
95.0
95.0
95.0
95.0
95.0
95.0
95.0
95.0
95.0
95.0
95.0
95.0
95.0
95.0
95.0
95.0
94.9
94.9
94.9
94.9
94.9
94.9
94.9
94.9
94.9
94.9
94.9
94.9
94.9
94.9
94.9
94.9
94.9
94.9
94.9
94.9
94.9
94.9
94.9
94.9
94.9
94.9
94.9
94.9
94.9
94.9
94.9
94.9
94.9
94.9
94.9
94.9
94.9
94.9
94.9
94.9
94.9
94.9
94.9
94.9
94.9
94.9
94.9
94.9
94.9
94.9
94.9
94.9
94.9
94.9
94.9
94.9
94.9
94.9
94.9
94.9
94.9
94.9
94.9
94.9
94.8
94.8
94.8
94.8
94.8
94.8
94.8
94.8
94.8
94.8
94.8
94.8
94.8
94.8
94.8
94.8
94.8
94.8
94.8
94.8
94.8
94.8
94.8
94.8
94.8
94.8
94.8
94.8
94.8
94.8
94.8
94.8
94.8
94.8
94.8
94.8
94.8
94.8
94.8
94.8
94.8
94.8
94.8
94.8
94.8
94.8
94.8
94.8
94.8
94.8
94.8
94.8
94.8
94.8
94.8
94.8
94.8
94.8
94.8
94.8
94.8
94.8
94.8
94.8
94.8
94.7
94.7
94.7
94.7
94.7
94.7
94.7
94.7
94.7
94.7
94.7
94.7
94.7
94.7
94.7
94.7
94.7
94.7
94.7
94.7
94.7
94.7
94.7
94.7
94.7
94.7
94.7
94.7
94.7
94.7
94.7
94.7
94.7
94.6
94.6
94.6
94.6
94.6
94.6
94.6
94.6
94.6
94.6
94.6
94.6
94.6
94.6
94.6
94.6
94.6
94.6
94.6
94.6
94.6
94.6
94.6
94.6
94.6
94.6
94.6
94.6
94.6
94.6
94.6
94.6
94.6
94.6
94.6
94.6
94.6
94.6
94.6
94.6
94.6
94.6
94.6
94.6
94.6
94.6
94.5
94.5
94.5
94.5
94.5
94.5
94.5
94.5
94.5
94.5
94.5
94.5
94.5
94.5
94.5
94.5
94.5
94.5
94.4
94.4
94.4
94.4
94.4
94.4
94.4
94.4
94.4
94.4
94.4
94.4
94.4
94.4
94.4
94.4
94.4
94.4
94.4
94.4
94.4
94.4
94.4
94.4
94.4
94.4
94.4
94.4
94.4
94.4
94.4
94.4
94.4
94.4
94.4
94.4
94.4
94.4
94.4
94.4
94.4
94.4
94.4
94.4
94.4
94.4
94.4
94.4
94.3
94.3
94.3
94.3
94.3
94.3
94.3
94.3
94.3
94.3
94.3
94.3
94.3
94.3
94.3
94.3
94.3
94.3
94.3
94.3
94.3
94.3
94.3
94.2
94.2
94.2
94.2
94.2
94.2
94.2
94.2
94.2
94.2
94.2
94.2
94.2
94.2
94.2
94.2
94.2
94.2
94.2
94.2
94.2
94.2
94.2
94.2
94.2
94.2
94.2
94.2
94.2
94.2
94.2
94.2
94.2
94.2
94.2
94.2
94.2
94.2
94.2
94.2
94.2
94.2
94.2
94.2
94.2
94.2
94.2
94.2
94.2
94.2
94.2
94.2
94.2
94.2
94.2
94.2
94.2
94.2
94.2
94.2
94.2
94.2
94.2
94.2
94.2
94.2
94.2
94.2
94.1
94.1
94.1
94.1
94.1
94.1
94.1
94.1
94.1
94.1
94.1
94.1
94.1
94.1
94.1
94.1
94.1
94.1
94.1
94.1
94.1
94.1
94.1
94.1
94.1
94.1
94.1
94.1
94.1
94.1
94.1
94.1
94.1
94.1
94.1
94.1
94.0
94.0
94.0
94.0
94.0
94.0
94.0
94.0
93.9
93.9
93.9
93.9
93.9
93.9
93.9
93.9
93.9
93.9
93.9
93.9
93.9
93.9
93.8
93.8
93.8
93.8
93.8
93.8
93.8
93.8
93.8
