93.6
93.6
93.2
93.2
93.0
92.9
92.8
92.7
92.6
92.5
92.4
92.3
92.2
92.2
92.1
92.0
91.9
91.9
91.8
91.8
91.6
91.6
91.5
91.4
91.4
91.3
90.9
90.9
90.6
90.6
90.3
90.3
90.2
90.1
90.1
90.1
89.8
89.6
89.6
89.4
89.4
89.2
89.2
89.1
88.9
88.4
88.2
88.2
88.2
88.1
87.9
87.9
87.8
87.6
87.5
87.1
86.8
86.6
86.4
86.4
86.2
86.2
85.1
84.3
84.2
83.8
83.6
83.5
83.3
82.8
82.4
82.4
82.3
81.9
81.9
81.8
81.8
81.8
81.7
81.7
81.7
81.5
81.4
81.3
81.3
81.2
81.1
80.9
80.8
80.7
80.6
80.6
80.3
80.1
80.0
80.0
79.8
79.6
79.5
79.5
79.5
78.9
78.9
78.8
78.8
78.8
78.4
78.1
78.0
77.9
77.8
77.4
77.2
76.8
76.7
76.7
76.5
76.4
76.4
76.2
76.1
76.0
75.8
75.4
75.4
75.1
74.9
74.8
74.5
74.4
74.4
74.1
73.9
73.9
73.8
73.6
73.6
73.6
73.6
73.4
73.4
73.1
73.1
73.1
73.0
73.0
72.9
72.9
72.9
72.8
72.8
72.7
72.7
72.6
72.6
72.2
72.2
72.2
72.1
72.1
72.0
71.8
71.8
71.6
71.6
71.6
71.5
71.5
71.4
71.3
71.2
71.2
71.2
71.1
71.1
71.1
71.1
71.0
71.0
71.0
70.9
70.9
70.9
70.8
70.7
70.6
70.6
70.6
70.6
70.5
70.4
70.2
70.2
70.2
70.2
70.2
70.1
70.1
70.1
70.1
70.1
70.1
70.1
70.0
69.9
69.9
69.9
69.8
69.8
69.8
69.7
69.7
69.6
69.6
69.6
69.6
69.5
69.5
69.5
69.4
69.4
69.3
69.3
69.3
69.2
69.2
69.2
69.2
69.1
69.0
68.9
68.9
68.9
68.9
68.9
68.9
68.9
68.8
68.8
68.8
68.8
68.8
68.7
68.7
68.6
68.6
68.6
68.5
68.4
68.4
68.4
68.2
68.2
68.2
68.2
68.1
68.1
68.1
68.0
67.9
67.9
67.9
67.9
67.9
67.8
67.8
67.8
67.8
67.7
67.7
67.7
67.7
67.7
67.7
67.6
67.6
67.5
67.4
67.4
67.4
67.4
67.3
67.2
67.2
67.2
67.2
67.2
67.2
67.2
67.1
66.8
66.8
66.7
66.6
66.6
66.6
66.5
66.5
66.4
66.4
66.4
66.3
66.2
66.2
66.2
66.2
66.1
66.1
66.1
66.0
66.0
65.9
65.9
65.8
65.8
65.7
65.6
65.6
65.6
65.5
65.4
65.4
65.2
65.1
65.1
65.1
65.0
65.0
65.0
64.9
64.9
64.8
64.7
64.7
64.6
64.6
64.6
64.4
64.4
64.4
64.4
64.4
64.4
64.4
64.3
64.3
64.3
64.3
64.3
64.2
64.2
64.2
64.2
64.2
64.1
64.0
63.9
63.9
63.9
63.8
63.6
63.4
63.4
63.3
63.0
62.9
62.8
62.8
62.6
62.6
62.5
62.4
62.3
62.1
62.1
62.0
62.0
61.9
61.8
61.8
61.7
61.6
61.5
61.5
61.5
61.4
61.4
61.3
61.1
60.9
60.9
60.8
60.5
60.3
60.0
60.0
59.8
59.7
59.4
59.3
59.2
59.0
58.9
58.9
58.6
58.4
58.1
57.1
56.7
56.6
56.3
56.1
56.1
55.8
55.5
55.4
55.3
55.1
54.8
54.8
54.7
54.3
54.3
53.9
53.7
53.3
52.8
52.5
51.5
51.3
51.3
51.2
50.6
50.3
50.1
50.0
49.8
49.7
49.4
48.8
48.7
48.7
48.2
47.5
47.2
47.1
46.9
46.8
46.6
46.5
46.5
46.3
46.1
46.0
45.9
45.8
45.3
45.1
45.0
45.0
44.8
44.8
44.7
44.6
44.6
44.5
44.0
43.7
43.6
43.4
43.3
43.2
42.8
42.8
42.8
42.7
42.3
42.2
42.2
41.7
41.6
41.6
41.5
41.2
40.9
40.4
40.4
40.4
40.2
40.2
39.9
39.9
39.2
38.8
38.5
37.1
36.5
32.9
30.8
30.2
