95.2
95.2
94.9
94.2
94.1
95.1
95.1
94.8
94.4
94.2
95.1
95.1
94.9
94.2
94.1
95.2
95.1
94.9
94.6
94.3
95.2
95.2
94.9
94.2
94.0
95.2
95.1
94.9
94.2
94.2
95.2
95.2
94.8
94.2
94.1
95.4
95.2
95.0
94.4
94.4
95.1
95.0
94.9
94.2
94.1
95.4
95.1
94.9
94.3
94.2
95.2
95.1
94.7
94.4
94.2
95.1
95.1
94.9
94.6
94.2
95.2
95.1
94.9
94.2
94.1
95.1
95.1
94.8
94.3
94.2
95.5
95.2
94.9
94.6
94.4
95.1
95.0
94.9
94.4
94.4
95.2
95.1
94.8
94.3
94.2
95.2
95.1
94.9
94.3
94.2
95.3
95.1
94.8
94.2
94.2
95.3
95.2
94.9
94.2
94.2
95.2
95.2
94.9
94.6
94.4
95.2
95.1
94.8
94.5
94.2
95.1
95.1
94.9
94.5
94.2
95.1
95.1
94.8
94.2
94.2
95.1
95.0
94.8
94.4
94.3
95.2
95.2
94.8
94.2
94.1
95.2
95.1
94.8
94.5
94.4
95.2
95.2
95.0
94.4
94.1
95.1
95.1
94.8
94.4
94.2
95.2
95.2
94.9
94.2
94.1
95.2
95.1
94.9
94.6
94.3
95.2
95.1
94.8
94.2
94.1
95.1
95.1
94.8
94.5
94.2
95.2
95.2
94.9
94.5
94.3
95.2
95.1
94.9
94.6
94.5
95.1
95.1
94.9
94.3
94.2
95.2
95.1
95.0
94.2
94.2
95.1
95.1
94.9
94.6
94.3
95.2
95.1
94.8
94.6
94.3
95.1
95.1
94.8
94.2
94.1
95.1
95.1
94.8
94.2
94.2
95.4
95.2
94.9
94.4
94.2
95.2
95.2
94.9
94.3
94.2
95.1
95.1
94.9
94.4
94.2
95.1
95.1
94.9
94.4
94.2
95.1
95.1
94.9
94.3
94.2
95.2
95.2
94.8
94.5
94.0
95.2
95.1
94.8
94.1
94.1
95.2
95.2
95.0
94.2
94.1
95.2
95.1
94.8
94.2
94.1
95.2
95.1
94.9
94.3
94.1
95.2
95.1
94.9
94.4
94.2
95.2
95.1
94.9
94.4
94.3
95.1
95.1
94.8
94.4
94.1
95.0
94.9
94.8
94.5
94.2
95.1
95.1
94.9
94.7
94.3
95.2
95.1
95.0
94.3
94.2
95.1
95.1
94.9
94.3
94.2
95.2
95.1
95.0
94.4
94.3
95.3
95.2
94.9
94.6
94.4
95.2
95.1
94.9
94.5
94.1
95.1
95.0
94.8
94.6
94.4
95.2
95.0
94.9
94.5
94.2
95.1
95.0
94.8
94.5
94.4
95.2
95.1
94.8
94.3
94.2
95.0
95.0
94.8
94.3
94.2
95.2
95.1
94.8
94.4
94.2
95.1
95.1
94.9
94.6
94.3
95.2
95.1
94.8
94.6
94.2
95.2
95.1
94.9
94.6
94.4
95.1
95.0
94.8
94.2
94.2
95.1
94.9
94.8
94.2
94.0
95.2
95.0
94.8
94.4
94.4
95.2
95.2
94.9
94.3
94.2
95.2
95.1
94.8
94.2
94.2
95.2
95.2
94.9
94.5
94.1
95.1
95.0
94.9
94.4
94.3
95.1
95.0
94.9
94.4
94.2
95.1
95.0
94.8
94.3
94.0
95.3
95.0
94.8
94.4
94.2
95.1
95.0
94.9
94.3
94.2
95.4
95.1
94.9
94.3
94.2
95.2
95.1
94.9
94.3
94.1
95.3
95.1
94.9
94.2
94.1
95.2
95.0
94.9
94.4
94.3
95.2
95.2
94.9
94.4
94.2
95.1
95.1
94.9
94.3
94.3
95.1
95.0
94.9
94.4
94.1
95.2
95.2
94.8
94.4
94.2
95.1
94.9
94.6
94.4
94.2
95.2
95.1
94.8
94.2
94.1
95.3
95.1
94.9
94.1
94.1
95.1
95.1
94.8
94.2
94.1
95.1
95.1
94.6
94.5
94.2
95.2
95.2
94.9
94.2
94.2
95.2
95.1
94.8
94.1
94.0
95.1
95.1
94.8
94.4
94.3
95.1
95.0
94.9
94.5
94.3
95.1
95.0
94.9
94.5
94.2
95.2
95.1
94.9
94.6
94.3
