92.1142294282302
90.93351574124391
91.30920444977093
90.56554269080523
92.14654398318167
93.35873075018054
91.15965974462985
92.13020323688202
92.1053866060003
91.13359481187412
90.8789840429527
91.05630426070259
92.23487341507708
92.70969879478857
91.01071815423272
91.1695087137145
90.52385810476196
90.75876570433718
91.56055387342913
92.13518170969874
92.4889027886157
90.8222960024796
91.3990951251911
90.3340962818178
91.33718229642078
92.56471399252088
90.86160377834187
90.54050848266229
90.7617763579055
90.62293374894475
91.95262626783405
91.79959560704106
92.52059474402522
91.9476331358886
92.024595333792
92.09448180453043
92.91795965351018
91.08825960730111
92.30065635155961
90.79294274598425
90.67098236761386
91.18113628553797
91.56030149744095
90.48893415649498
92.41060607285878
92.20207158465372
92.60056892191565
91.34269355446526
91.28312032343203
91.70601222920828
91.29507745269457
90.7177005549296
92.59299683788896
90.45455931639631
91.1090493645122
92.39852951989158
91.94397069839879
92.18067043061397
90.93618879433198
92.41949245021675
90.7291458046551
90.61317892689513
91.91008379205832
92.15846804977188
91.62273151174416
91.49369664349666
92.6272790954051
90.81611131703292
91.19680508476108
91.61463965288692
91.2653085554292
90.94328224731262
90.9176656887184
91.42639009780282
91.94942922355844
90.83925808256807
90.40494479086715
92.42001073792709
92.25840659916105
90.31880297378987
91.96972438126642
89.94831977298522
91.21182964452663
91.20871568388219
91.76539176974467
91.14026622011728
92.53271500185048
92.35720873888555
89.80990624229645
90.82251586744982
92.04285385859025
92.48903025148606
90.71283159081348
91.78456797116984
90.75534752476064
92.47492011774487
92.54281438778081
91.72852792268723
90.54905065295245
92.2662809749133
91.5524249490495
91.50552843508076
91.76230356975944
91.63735124627415
90.97050735007033
90.85567867691772
93.14705275133758
91.63058346737525
90.77019453165762
91.77717962539553
89.651749009529
90.89920627421186
92.05883395530222
92.25693746775698
92.33160441245104
92.01195700219453
90.77782342026534
91.85341768041413
92.31593967514672
91.99022488856573
90.64927137982528
91.78533373943627
90.25832838737658
91.51649522248569
92.70405806023663
91.63650692660228
92.36262727999338
91.36433095298254
90.81398522025749
91.03336346666562
91.97473863415219
90.9541402541117
92.13867808709202
91.34235383814764
91.63389502241203
90.76921531256478
92.12997541005788
92.50674288581551
91.50410474018693
90.73209115324966
91.02787893290113
90.53155698505712
90.9406311107991
91.10348516386723
92.01400778910863
90.92052631301547
92.389305573349
91.73884496251664
92.08317074458213
92.66217616851515
92.85673737787947
92.24412468013392
90.89324024433513
91.30108138105582
91.31409691735203
92.09333641259771
91.52591845562797
92.33873679382368
91.65966259103838
90.92083343051536
90.69296493353971
92.23663257175663
90.93511011988032
91.44021346297372
91.98456829674075
90.26720595040513
90.37032996176093
90.35320918403393
92.69329356710166
91.70098479565723
92.93824337366645
91.15776182262053
92.63120295329828
90.85665386935086
90.29346581107109
90.80970475674796
91.78183458860975
91.47807514180926
90.9544854867204
91.23338518577728
91.0207994633959
92.7439828964878
90.45912281833924
90.69051510125034
91.74743100592852
90.97221943928353
93.05546032689199
90.91937177150368
91.30317388821264
90.864627413374
91.85056500379909
91.63231760845606
89.90732893079132
90.89647864983482
90.45511129822619
91.04821789313054
91.2823223114296
91.14285502534426
92.72271587039988
92.408854990755
92.06691308474241
90.42410318200703
93.10595090765675
90.76778833549238
91.17922176711045
92.09695540463045
91.81216091959575
89.96504027750656
92.14374486112291
92.03479242513718
91.69613000881733
92.51671633753183
91.43681012103895
91.11796708157118
90.82829640105886
91.0519890380305
90.55348003441905
91.39150067898035
92.25708265301492
91.57395913309303
91.70232824670082
91.51334715825477
91.24544402081683
90.70080430516603
91.75111663839219
91.16178663546803
91.29250769876562
91.65811390542237
91.80937820091418
92.82040383800434
91.50601312497815
92.33908372309665
91.27494448257299
90.59534464044823
92.39359194098617
91.14256808598059
92.5256117820361
91.12346517021437
90.62323146241854
91.63187598898865
91.64030707830575
92.34336267811827
91.60313693956701
91.39917573417233
91.23041307769293
90.83966182534635
91.81807582298843
91.8133025638794
90.13439756189254
91.75949033541616
91.26914977294028
90.21996694211728
90.86583160728209
92.2728101396053
90.51656567004278
91.1139523152588
92.14021203646689
90.28647498389269
91.27441270753319
91.03718936969487
91.57844333225248
92.4204478982037
91.67537535234177
91.1683168734504
90.32927016311213
90.85997827367154
92.22756940483937
91.73688239103491
91.73185496692295
92.53864002001235
92.16373655168361
92.41095376391515
90.72424098549311
91.09740906705825
91.20050158636096
92.36654826398627
91.13344776692048
90.35481234802587
91.3598558483247
91.25697039891361
90.68270903399741
91.77801086531184
91.40250706072582
91.29836686441612
91.78096566300192
92.22932635739639
91.4041475565884
90.71969211174006
92.17787040080451
92.33205767950547
92.61832990631034
92.92088701550026
91.46192041377407
91.14553845277015
92.00044444645091
92.82110890941048
90.88547225287051
89.98246962593298
91.56759426811726
91.8521324674498
91.9349671323252
90.90038782155597
91.21640289151551
91.96956758418972
92.07757184644663
90.00239043839981
90.52942421190168
90.90277947746308
92.10242552940645
91.78960803659206
92.00251558255582
91.24326394436804
91.9869617129969
92.43330465293124
91.68720447716548
92.32321780280925
91.8645624923542
92.25852872696036
91.01833256949098
90.87274057988694
91.5025980273251
91.12658147936224
92.05072145693552
91.67211719905431
92.66764466186454
91.75554692474289
90.71702595544342
90.92500804038096
90.93419135414173
91.93576583569906
90.68086080152506
91.62570442420161
90.38389052033827
92.07679302023311
92.82376531933875
91.91735046584851
90.97075521253865
92.65021943793616
92.108830350749
91.69291626139403
92.41558510787058
90.65611382167475
91.32845039729139
90.63504459300363
91.05212562459006
91.32653701958071
91.44331112024314
89.88917783436196
92.70760922062769
92.83906476569922
92.22115906445774
90.7763282775459
91.33049076642834
91.08434424013032
91.25110866936284
91.88531810787454
91.68040700151636
91.47009245530246
91.79040726853869
90.51702869362795
90.93482333664235
92.41662416263112
91.45699243854695
91.79822885793024
89.94546903049569
92.55312431815535
92.86065003363501
90.74128688471428
91.07388211374739
91.37319693868558
91.35700549690186
90.80983855298466
91.98125997459107
91.30368769713242
92.02422135195982
91.72194708278606
91.72410946873035
90.86352167598426
89.91111817828138
92.25467716054746
92.18000000821907
90.98827300398544
90.94688536536525
91.80458826668416
91.14642338212647
91.50552531866835
90.97694957871533
91.23485447591973
91.12243940465551
92.37220260761033
91.91856048909682
92.190618551075
90.85689478525201
92.25421758905975
92.61904977264315
92.47950530929879
90.77106180683985
92.1542718547403
91.65282686735263
92.17749499053014
91.1035304272827
91.66865136828964
90.12666193636694
91.18890558358565
91.19685695215264
90.24131297995741
91.1131116432083
91.45260930503679
90.35832956186682
90.51528901160324
90.84607200098934
91.70410883760461
91.9436949845279
92.3880010957541
91.23812043783578
91.01195525582695
91.03044855676433
90.93670176710653
91.71386091204745
92.97166903547826
90.19536204504749
91.77492152548763
90.88943236431874
91.89540702364853
92.59829202037788
93.10345230637019
92.1421610961513
91.80232296678545
91.38467779773782
89.83079915599048
92.80558229990346
91.35218844089532
91.91381160365353
91.5476841675763
90.08276969015508
92.94169285063201
90.84081144357415
90.39322781970964
91.30649577240243
92.31807724488966
90.9354986259012
90.7393119425584
90.9800507158202
91.58543949869079
90.99745844733884
91.08878308820188
92.38540102096391
91.43056243223097
92.21312476569001
92.4717221891424
90.94500395016244
91.15286320537878
90.45617094574264
91.97396233602404
90.69693880668537
91.07727744488818
91.80589678503206
90.51413017658957
90.87949752430269
93.07503565002435
90.785007135748
92.7761824124835
91.05483307637547
91.28941886130363
91.10437096814468
91.44919251236222
92.578027637197
91.51093491430632
92.54170307751626
92.94954961062797
90.68043428755097
91.09902396548576
91.09858834144441
91.02983871805532
92.2131884124138
90.98381560737388
90.65363234366598
91.5583194901098
90.72939747396786
92.39671965714396
91.98462094225074
91.97561047797365
91.3765158077136
90.26033398762702
90.75701881747929
91.21782799798235
91.94969497830326
91.2674947379531
92.34537428721862
91.11234590733305
90.3193545006399
91.06970691787704
91.43739232462529
90.87218201999372
92.22325956333931
91.709152642474
92.08222955893406
90.49369117184258
92.4541869561121
91.85077319997507
