90.32893727020404
82.92980409657342
87.3810271221459
85.81962880955449
90.42645668018856
87.03941561075058
87.4052253021903
90.49385000417348
89.46264883986733
81.81767048034114
86.54523829235845
80.55925198212003
86.59738412996785
89.23861649366967
83.0653421589792
81.9057273343718
84.84401266793431
83.658583036472
86.27699507990252
89.89407320542531
86.31028127849723
81.91689578659137
86.86619580230543
81.07676197888665
86.26190991390149
87.17154715075179
84.22638691493842
84.11100274313533
85.07963790064689
85.4731532762817
90.28562160260236
87.73189161712256
86.30365021816725
90.82420586388264
86.72531861990295
89.71798521857352
91.19631458064538
81.6641701102502
91.02725649283289
83.15473995824492
90.26253930408261
84.39294568863386
86.02916207016084
85.07251145993847
89.64914284827076
87.87986721189476
90.66390530933347
83.89181439065361
82.88228357997318
87.4031600374326
86.13963380196002
87.46445192754278
91.12105957149444
85.23111888406271
81.63464934467504
86.44661292845105
85.86149758839777
87.78758147648347
83.83562549664256
90.28396987733207
84.69701543961673
80.84129162698716
87.81981594432305
86.98431766327076
83.80607000450493
87.63527348459948
90.97861927853073
83.35495982862871
84.06710438028287
86.49892230542592
85.37376214899331
91.33005020877042
82.94404164773897
85.19154058722712
90.20243794265483
84.01347722642032
88.9033274075813
90.86558236083543
88.09409725938737
86.51025540686032
87.01373085398906
84.80546582055695
88.44872177170228
83.53969955899203
84.2783454319597
86.25330468215338
90.64924210971652
87.24001096867711
85.04545200851636
86.27757117561998
89.22466617988145
90.30827676437774
89.0259802630296
85.64584380824505
84.259170327043
90.05866067453968
85.53783732773793
85.88562951885747
85.59110752783307
89.96475971214437
85.59566811973038
86.46928308526316
87.00731494847506
86.07441129859538
83.9903463880898
85.65248345022576
86.00658816496583
89.47562602735233
85.4502163416161
90.50179862255618
86.1152667136065
83.35287726542758
91.35713082169222
89.261218272871
88.28387899353338
91.12032593089398
88.11136983934742
87.23445120081782
92.0497012955713
90.04261955831758
89.5080779527578
89.55567197009692
86.8027059510551
88.31204237076703
91.04924482212284
85.15281174243756
86.34596692985438
82.34322198979625
85.23665404821332
89.1585774067533
88.04107881916445
82.4418033852216
87.51617586599174
86.1817764245382
85.63304487567505
84.00731177303204
91.44780175160938
86.17774679846103
86.46933661646634
87.30354762157302
86.51134269470856
81.13722806040606
81.44076874017408
85.04963091405389
86.00146609485344
87.89824527177363
90.8910419985239
87.07131489514497
89.42087122837859
86.17719136321664
89.34462065355392
90.68065182156992
83.17421315623983
86.19783490924895
88.29022484597122
87.9429270247725
85.93623367075494
90.59397115439079
86.20042886057746
81.59859524429297
85.83568251013155
91.51074099887194
83.53588986285273
85.1617769592532
86.366211720118
88.48880088935016
84.95659303339774
80.46894814569245
91.20883337484318
82.67495215018657
90.61793000987893
82.35897464263354
86.32194422518614
83.47502834767693
86.1647146347684
82.5684434883284
82.35482584647474
89.98167519632531
86.13341429814913
87.29300727088794
84.30030922436154
89.8406075738012
84.70155024767716
84.67069592523086
86.20314321115258
82.95622048168778
87.13345809964511
84.38640718250566
83.41032799147018
82.12651937644117
84.44437720284593
80.1791715553463
85.01370006396692
82.46532222018946
84.84398372773725
85.87591843710938
86.00108459032688
83.72546114319861
90.76170235495378
90.09846521306895
88.10085825839428
85.28816763878109
88.71297377448326
84.80423749333747
88.28868273242817
86.37593709291669
90.83181282312404
84.33775071089602
86.65906674049681
89.49269372934894
90.19820355607067
90.584573842374
90.05915644797915
85.94481425214643
91.09989783368832
85.90832561016927
83.01318636381679
90.79009355928336
86.931939020532
87.44603475518488
83.47865318685504
83.78173740350027
83.78773894631323
83.43142424418387
89.11033207234271
85.46284012609624
89.07870461708848
88.77408219255702
86.87409878215166
91.27685025612294
83.11090031814224
90.49746214374028
82.6482373258658
89.37911807545855
87.30410823495623
86.13690597627352
89.91132007565832
86.55686724269388
87.35995741025332
86.06764951423196
88.00664697462753
88.83150870563189
85.7221867674183
86.57654582585224
85.06708137291123
83.61112275918818
86.93898915247586
91.51409736270234
85.7108591216562
90.23278356802957
87.23970945499575
87.10075580987665
83.61192776076277
88.92146903212368
86.36673420812804
83.56501042565607
90.47245487050988
85.70648027009284
90.38870292348265
82.62872628708165
85.11294617200208
91.08687342623172
83.73708647968391
84.05897374563524
84.9143211890239
80.6986739747872
90.59792106149698
86.01834809671519
87.32028430017267
90.86445613360368
90.31289534406896
90.82675963324908
84.75142792997836
82.72204586847704
85.81226502620088
87.81686478231552
88.13511446679715
84.84257105793996
83.5819478946205
83.97279232405283
86.31643739247659
86.2122060908129
87.52507439456832
88.80256560971235
85.57094708875302
88.18951720122978
83.23575392793825
83.05964282526719
86.12023010141475
88.63519451035732
89.32483973410197
90.80053597880855
85.04553432611687
85.0011858184691
89.49707115453869
89.19234658078315
85.32394696063132
81.52701951206836
86.30102756537104
86.59833914519015
87.70863870994464
83.96924231515044
81.47975749947206
86.88682426889781
91.1374903696195
84.98269362479499
85.06118475252659
85.4792141057888
89.65671597283334
86.11354868411449
86.9707296239878
86.56802870575406
86.442015453818
86.16867807695232
87.55381278052474
90.15114405389973
90.25106435317824
89.94821266899731
83.16939194863589
80.15464310976614
90.14370883820456
84.17403984822423
89.1629186544502
87.04262533059023
87.69853927642593
89.26368054267846
86.94970628385357
82.91929452983993
90.30449103708533
89.78560310168908
85.72473838920196
86.79981817399184
89.69329744149478
86.83301208051397
90.52508530158562
88.98596063588126
82.43944486753865
90.43863589488647
87.70344042196787
90.37417308608906
89.56560722810053
87.0227992233525
89.70084728821291
86.36426508475817
82.94831036169951
86.95450695552182
89.39312766710776
84.65090354427333
83.24553736667028
90.63561137476357
89.64465674188466
83.26394000734102
85.48315216604122
84.9846450351394
85.53978262614045
84.61882650065711
89.22656992751357
84.45865602981242
90.83974925906637
86.6832718009525
84.5889308406046
89.71288029114721
90.98774804896132
88.90043585319715
84.44649065361392
91.19679745853409
88.9322945918405
83.43947755450444
85.55964396373344
87.79921664605124
86.01286868260208
85.24461275210815
89.92918457215801
82.33777287723099
82.0577580500894
84.5821188550282
87.16049222402104
86.61018869077554
84.81218927658358
89.38596018530721
90.3141446879484
83.65781397043932
85.10130930139292
86.07461405755322
87.97248745679299
86.01917594024097
87.1900836830385
87.47930799086367
85.45881336784439
85.89998603005114
90.71484863819593
85.8759211779157
83.43533550422596
87.35228374479914
91.36540494444165
87.8309697826678
84.23646950440381
90.22106708429898
87.38366645869141
89.32186924813064
85.19361826551673
82.74169170120253
84.48870289373686
83.61735128146873
82.12113847875898
86.2548120019088
83.06120160126824
87.06144669527984
85.4743054317072
89.61599433380621
81.66623317517347
87.22575333787451
83.91644515686554
86.78148419055516
82.53965099007802
87.11543416937523
83.52822587592372
85.03948967312988
87.035814688507
89.28582318902009
86.2899390350496
90.74983837025141
84.53966826099482
89.32002682126799
90.77264374977513
90.68594950531936
86.93127557620959
91.25284791014458
89.31985041309248
85.40227705056309
91.17142648045801
83.90757746382819
85.32568488557833
86.42014064065687
86.57514332765196
90.53235494395634
83.85781777094044
85.1385765937782
84.85509179837779
89.9417649334857
89.59064596182583
84.07513438696202
82.53402001818684
87.40529573813721
84.11083187547611
83.48297054861374
89.39053685951184
81.93108305432182
91.33167534526093
90.58845494407235
80.00778905254033
84.86885139000746
85.53517038158249
86.00733659612423
85.2704962399297
85.85084884244951
90.25763281143841
83.87707381009386
86.93962593395653
91.28763133936523
87.54671857292452
90.84334108907044
83.81979687975995
83.76148579340034
82.9903960748361
84.36698072523885
90.97528820833635
84.40375132875045
90.47623228691644
90.78298218757277
85.58970510642773
84.42462379963199
88.89885022827465
85.27035519369542
89.69889284947196
83.17990104733686
84.66480030694589
88.02246788394181
84.41789834430287
87.92975426848135
86.37110826348643
90.49724624073136
87.57283186753645
86.47274195251111
82.92856923608895
83.36635235598433
86.65248024900812
87.91851132169235
90.9484821268756
84.97436790634531
86.55847487538986
83.32339458723077
82.50033127277662
87.22964063662988
90.1823800509803
85.05526835270737
87.84730011364195
85.30715283824054
91.07802604178245
90.2759341067639
