92.1
90.8
90.5
88.6
88.4
88.4
87.8
87.7
87.2
87.2
87.2
87.1
87.1
87.0
86.9
86.9
86.9
86.9
86.8
86.8
86.8
86.7
86.7
86.6
86.6
86.5
86.5
86.4
86.4
86.3
86.2
86.2
86.1
86.0
85.9
85.9
85.9
85.9
85.8
85.8
85.8
85.7
85.7
85.6
85.6
85.5
85.5
85.4
85.4
85.4
85.4
85.4
85.3
85.3
85.3
85.2
85.2
85.2
85.2
85.2
85.2
85.1
85.1
85.0
84.9
84.8
84.8
84.8
84.8
84.7
84.7
84.6
84.6
84.6
84.5
84.5
84.5
84.5
84.5
84.5
84.4
84.4
84.4
84.4
84.4
84.4
84.4
84.3
84.3
84.3
84.2
84.2
84.1
84.1
84.1
84.1
84.1
84.1
84.1
84.1
84.0
84.0
83.9
83.9
83.9
83.9
83.9
83.9
83.9
83.9
83.9
83.8
83.8
83.8
83.8
83.8
83.7
83.7
83.7
83.7
83.6
83.6
83.6
83.6
83.6
83.6
83.6
83.6
83.6
83.6
83.5
83.5
83.5
83.5
83.4
83.4
83.4
83.4
83.4
83.4
83.4
83.4
83.4
83.4
83.4
83.4
83.3
83.3
83.3
83.3
83.3
83.3
83.2
83.2
83.2
83.2
83.2
83.2
83.2
83.2
83.2
83.2
83.2
83.2
83.2
83.2
83.2
83.2
83.1
83.1
83.1
83.1
83.0
83.0
83.0
83.0
83.0
82.9
82.9
82.9
82.9
82.9
82.9
82.9
82.9
82.9
82.9
82.9
82.9
82.8
82.8
82.8
82.8
82.8
82.8
82.8
82.8
82.8
82.8
82.8
82.8
82.8
82.7
82.7
82.7
82.7
82.7
82.6
82.6
82.6
82.6
82.6
82.6
82.6
82.6
82.6
82.6
82.6
82.6
82.6
82.6
82.6
82.6
82.6
82.5
82.5
82.5
82.5
82.5
82.4
82.4
82.4
82.4
82.4
82.4
82.4
82.4
82.4
82.4
82.4
82.4
82.4
82.4
82.4
82.4
82.4
82.3
82.3
82.3
82.3
82.3
82.3
82.2
82.2
82.2
82.2
82.2
82.2
82.2
82.2
82.2
82.2
82.2
82.2
82.2
82.2
82.2
82.2
82.2
82.2
82.1
82.1
82.1
82.1
82.1
82.1
82.1
82.1
82.1
82.1
82.1
82.1
82.1
82.1
82.1
82.0
82.0
82.0
82.0
82.0
82.0
82.0
82.0
82.0
82.0
81.9
81.9
81.9
81.9
81.9
81.9
81.9
81.9
81.9
81.8
81.8
81.8
81.8
81.8
81.8
81.8
81.8
81.8
81.7
81.6
81.6
81.6
81.6
81.6
81.6
81.6
81.6
81.6
81.6
81.6
81.5
81.5
81.5
81.4
81.4
81.4
81.4
81.4
81.4
81.4
81.4
81.4
81.3
81.3
81.3
81.3
81.2
81.2
81.2
81.2
81.2
81.2
81.2
81.2
81.2
81.2
81.1
81.1
81.1
81.1
81.1
81.1
81.1
81.1
81.0
81.0
81.0
81.0
81.0
81.0
81.0
81.0
81.0
81.0
81.0
80.9
80.9
80.9
80.9
80.9
80.9
80.8
80.8
80.8
80.8
80.8
80.8
80.8
80.8
80.7
80.7
80.7
80.7
80.7
80.7
80.7
80.7
80.6
80.5
80.5
80.5
80.5
80.4
80.4
80.4
80.4
80.4
80.4
80.4
80.3
80.2
80.2
80.2
80.1
80.1
79.9
79.9
79.9
79.8
79.8
79.7
79.7
79.5
79.4
79.4
79.4
79.2
79.1
79.0
78.9
78.9
78.8
78.8
78.7
78.6
78.5
78.5
78.5
78.2
78.2
78.2
78.0
77.9
77.9
77.8
77.8
77.8
77.8
77.7
77.6
77.6
77.6
77.4
77.3
77.3
77.1
77.1
76.4
76.4
76.2
76.2
76.1
75.4
74.9
74.8
74.0
73.9
73.8
73.1
72.8
72.7
72.1
71.6
71.1
70.9
70.0
69.5
69.4
69.4
69.1
68.9
68.7
68.4
68.1
67.5
67.3
67.3
67.2
67.2
66.9
66.6
66.4
66.3
66.3
66.3
64.9
64.0
63.5
63.0
61.4
61.0
60.4
60.3
54.1
52.4
