94.7
94.7
94.2
94.2
94.2
94.1
94.1
94.1
94.1
94.1
94.0
94.0
94.0
94.0
94.0
94.0
93.9
93.9
93.9
93.9
93.9
93.9
93.9
93.9
93.9
93.8
93.8
93.8
93.8
93.8
93.8
93.8
93.8
93.7
93.6
93.6
93.6
93.6
93.6
93.6
93.6
93.6
93.6
93.6
93.6
93.6
93.6
93.6
93.6
93.5
93.5
93.5
93.4
93.4
93.4
93.4
93.4
93.4
93.4
93.4
93.3
93.3
93.2
93.2
93.2
93.2
93.2
93.1
93.1
93.1
93.1
93.1
93.1
93.1
93.1
92.9
92.9
92.8
92.8
92.8
92.8
92.8
92.8
92.6
92.6
92.6
92.6
92.6
92.5
92.5
92.4
92.4
92.4
92.4
92.4
92.4
92.3
92.3
92.3
92.3
92.2
92.2
92.2
92.2
92.2
92.2
92.2
92.1
92.1
92.1
92.1
92.1
92.0
92.0
92.0
91.9
91.9
91.9
91.9
91.9
91.9
91.9
91.9
91.9
91.9
91.8
91.8
91.8
91.8
91.7
91.6
91.6
91.6
91.6
91.5
91.4
91.4
91.4
91.4
91.2
91.2
91.2
91.2
91.0
91.0
91.0
91.0
90.9
90.9
90.9
90.9
90.8
90.8
90.8
90.7
90.6
90.6
90.6
90.5
90.5
90.4
90.4
90.4
90.4
90.3
90.2
90.2
90.2
90.2
90.1
90.0
90.0
89.9
89.9
89.9
89.8
89.8
89.8
89.7
89.7
89.6
89.6
89.3
89.3
89.2
89.1
89.1
89.1
89.0
88.9
88.6
88.4
88.4
88.2
88.2
88.1
88.1
88.0
87.9
87.9
87.9
87.8
87.4
87.2
87.2
87.1
87.1
87.0
86.8
86.7
86.6
86.2
86.0
85.8
85.7
85.6
85.5
85.4
85.4
85.4
85.3
85.2
85.1
85.1
84.8
84.8
84.5
84.5
84.4
84.3
84.1
84.1
83.8
83.7
83.6
83.6
83.5
83.4
83.4
83.3
83.2
83.1
83.1
83.0
82.8
82.8
82.6
82.6
82.4
82.2
82.1
81.9
81.9
81.8
81.7
81.7
81.6
81.6
81.6
81.5
81.4
81.3
81.1
81.1
81.1
81.1
80.9
80.9
80.9
80.8
80.6
80.6
80.6
80.4
80.3
80.2
80.2
80.1
80.1
80.1
80.1
80.1
80.0
80.0
79.9
79.8
79.8
79.8
79.7
79.7
79.7
79.6
79.3
79.2
79.1
79.0
79.0
79.0
78.9
78.9
78.9
78.8
78.8
78.7
78.6
78.6
78.6
78.6
78.6
78.6
78.4
78.4
78.4
78.4
78.3
78.2
78.2
78.2
78.2
78.1
78.1
78.0
77.9
77.9
77.8
77.8
77.6
77.6
77.6
77.6
77.6
77.6
77.4
77.3
77.2
77.1
77.0
76.8
76.7
76.6
76.4
76.3
76.3
76.2
76.2
76.1
76.0
75.9
75.8
75.8
75.8
75.6
75.6
75.5
75.4
75.4
75.1
75.1
74.8
74.6
74.6
74.6
74.5
74.4
74.2
74.2
74.2
74.0
74.0
73.9
73.9
73.6
73.5
73.4
73.2
73.1
73.0
72.2
72.2
72.1
71.9
71.8
71.6
71.5
71.3
71.3
71.0
71.0
70.6
70.3
70.2
70.2
69.9
69.9
69.8
69.7
69.3
69.1
68.9
68.8
68.8
68.7
68.6
68.6
68.4
68.1
68.1
67.9
67.7
67.7
67.6
67.2
67.1
66.9
66.6
66.6
66.6
66.5
66.3
65.7
65.5
65.2
65.1
64.8
64.6
64.2
64.1
64.1
64.0
64.0
63.9
63.7
63.6
63.2
63.1
62.9
62.8
62.2
61.8
61.6
61.6
61.5
61.3
61.2
61.0
60.9
60.9
60.8
60.8
60.3
59.8
59.3
59.1
59.0
58.9
58.4
57.7
57.6
56.9
56.8
56.7
56.5
54.8
54.4
53.9
53.8
53.0
52.7
52.1
51.3
49.9
48.3
47.8
47.4
47.2
47.1
44.8
44.4
44.3
43.9
43.7
43.1
42.0
41.9
41.7
41.2
40.4
40.0
39.9
39.9
39.5
39.2
36.8
36.2
34.2
33.6
33.5
32.1
32.0
27.6
