96.8
96.8
96.6
96.2
95.8
96.9
96.6
96.4
96.2
95.8
96.8
96.7
96.5
96.1
95.8
96.9
96.7
96.5
96.1
95.8
96.9
96.7
96.5
96.2
95.8
96.8
96.6
96.5
96.1
95.8
96.9
96.8
96.4
96.2
95.9
96.9
96.7
96.4
96.1
95.8
96.9
96.7
96.5
96.1
95.8
96.9
96.7
96.6
96.2
95.9
96.9
96.7
96.4
96.2
95.9
96.9
96.8
96.5
96.2
95.9
96.9
96.7
96.6
96.1
95.8
96.9
96.7
96.6
96.2
95.9
96.9
96.7
96.6
96.2
95.8
96.9
96.8
96.6
96.2
95.9
96.8
96.7
96.5
96.1
95.9
96.9
96.7
96.5
96.2
95.8
96.9
96.8
96.6
96.2
95.9
96.9
96.7
96.5
96.1
95.9
96.8
96.7
96.4
96.1
95.8
96.9
96.6
96.5
96.1
95.8
96.9
96.7
96.6
96.2
95.9
96.9
96.7
96.6
96.2
95.9
96.9
96.6
96.5
96.1
95.8
96.9
96.7
96.4
96.2
95.8
96.9
96.7
96.6
96.2
95.9
96.9
96.8
96.5
96.2
95.9
96.9
96.7
96.4
96.1
95.9
96.9
96.6
96.4
96.1
95.8
96.9
96.7
96.6
96.2
95.9
96.9
96.8
96.3
96.2
95.9
96.9
96.7
96.5
96.1
95.8
96.9
96.7
96.5
96.1
95.8
96.9
96.7
96.6
96.1
95.8
96.9
96.7
96.6
96.2
95.8
96.9
96.7
96.5
96.1
95.8
96.9
96.7
96.5
96.1
95.9
96.9
96.7
96.4
96.1
95.8
96.9
96.7
96.5
96.2
95.8
96.9
96.7
96.6
96.2
95.9
96.9
96.7
96.4
96.2
95.9
96.9
96.8
96.6
96.2
95.9
96.9
96.8
96.5
96.2
95.9
96.9
96.7
96.6
96.2
95.9
96.9
96.7
96.6
96.2
95.9
96.9
96.7
96.5
96.2
95.9
96.9
96.7
96.6
96.2
95.9
96.9
96.8
96.6
96.2
95.9
96.9
96.7
96.5
96.1
95.9
96.9
96.7
96.5
96.1
95.8
96.9
96.8
96.6
96.2
95.9
96.9
96.7
96.4
96.2
95.9
96.9
96.7
96.5
96.1
95.9
96.8
96.6
96.4
96.1
95.9
96.9
96.7
96.5
96.1
95.9
96.9
96.7
96.4
96.1
95.8
96.9
96.6
96.5
96.1
95.8
96.9
96.6
96.4
96.2
95.8
96.8
96.6
96.5
96.1
95.8
96.9
96.7
96.6
96.2
95.9
96.9
96.8
96.4
96.2
95.8
96.9
96.7
96.6
96.2
95.9
96.9
96.6
96.5
96.1
95.7
96.9
96.8
96.6
96.2
95.9
96.9
96.7
96.5
96.1
95.8
96.9
96.8
96.6
96.2
95.9
96.9
96.7
96.6
96.1
95.9
96.9
96.7
96.5
96.2
95.8
96.9
96.7
96.4
96.2
95.8
96.9
96.7
96.6
96.2
95.9
96.9
96.7
96.6
96.1
95.8
96.9
96.8
96.6
96.2
95.9
96.9
96.7
96.6
96.1
95.8
96.9
96.7
96.4
96.1
95.9
96.9
96.7
96.6
96.2
95.8
97.0
96.8
96.6
96.2
95.9
96.9
96.8
96.4
96.2
95.8
96.9
96.8
96.5
96.2
95.8
96.9
96.7
96.6
96.2
95.9
96.9
96.7
96.6
96.2
95.8
96.9
96.6
96.6
96.1
95.8
96.9
96.8
96.5
96.1
95.9
96.9
96.7
96.4
96.1
95.8
96.9
96.7
96.5
96.1
95.8
96.9
96.6
96.4
96.1
95.8
96.9
96.7
96.6
96.2
95.9
96.9
96.7
96.4
96.2
95.8
96.9
96.7
96.6
96.2
95.9
96.9
96.6
96.4
96.1
95.8
96.9
96.7
96.5
96.2
95.9
96.9
96.7
96.5
96.2
95.9
96.9
96.8
96.6
96.2
95.9
96.9
96.7
96.5
96.2
95.9
96.9
96.7
96.6
96.1
95.8
96.9
96.7
96.6
96.1
95.8
96.9
96.7
96.6
96.2
95.9
96.9
96.7
96.5
96.2
95.8
96.9
96.6
96.5
96.1
95.8
96.9
96.8
96.6
96.2
95.9
