86.4
86.4
86.3
86.3
86.2
86.1
86.1
85.9
85.9
85.9
85.8
85.8
85.8
85.7
85.6
85.6
85.6
85.6
85.6
85.5
85.5
85.5
85.5
85.4
85.4
85.4
85.4
85.4
85.4
85.4
85.4
85.3
85.2
85.1
85.1
85.1
85.1
85.1
85.1
85.1
85.1
85.1
85.1
85.0
85.0
84.9
84.9
84.6
84.6
84.6
84.6
84.5
84.4
84.4
84.4
84.4
84.3
84.2
84.2
84.2
84.2
84.2
84.2
84.1
84.1
84.1
84.0
83.9
83.9
83.9
83.8
83.8
83.8
83.8
83.8
83.8
83.7
83.6
83.6
83.5
83.5
83.5
83.4
83.4
83.4
83.4
83.4
83.3
83.3
83.0
82.9
82.9
82.9
82.9
82.9
82.8
82.8
82.8
82.7
82.7
82.6
82.6
82.6
82.6
82.5
82.5
82.4
82.4
82.3
82.2
82.2
82.2
82.1
82.1
82.1
82.1
82.0
82.0
81.9
81.9
81.8
81.8
81.8
81.8
81.7
81.7
81.6
81.5
81.5
81.5
81.5
81.4
81.4
81.4
81.4
81.3
81.3
81.2
81.2
81.2
81.2
81.2
81.1
81.0
81.0
80.9
80.9
80.8
80.8
80.8
80.7
80.7
80.6
80.6
80.5
80.4
80.4
80.4
80.3
80.2
80.2
80.2
80.2
80.2
80.1
80.1
80.1
80.0
80.0
79.9
79.9
79.9
79.8
79.8
79.8
79.8
79.8
79.8
79.7
79.7
79.7
79.6
79.6
79.6
79.5
79.4
79.4
79.4
79.4
79.4
79.4
79.4
79.4
79.2
79.2
79.2
79.2
79.1
79.1
79.1
79.1
79.1
79.1
78.9
78.9
78.9
78.8
78.8
78.8
78.7
78.6
78.6
78.6
78.6
78.5
78.5
78.4
78.4
78.4
78.3
78.2
78.2
78.1
78.1
78.1
78.0
77.9
77.9
77.9
77.8
77.8
77.7
77.7
77.6
77.6
77.6
77.6
77.6
77.5
77.4
77.4
77.4
77.4
77.4
77.4
77.4
77.4
77.3
77.3
77.3
77.3
77.3
77.2
77.2
77.2
77.1
77.1
77.1
77.1
77.1
77.1
77.1
76.9
76.9
76.9
76.9
76.9
76.9
76.9
76.8
76.7
76.7
76.7
76.6
76.6
76.6
76.6
76.5
76.5
76.5
76.5
76.5
76.4
76.4
76.4
76.4
76.4
76.4
76.4
76.3
76.3
76.3
76.3
76.2
76.2
76.2
76.2
76.2
76.2
76.1
76.1
76.1
76.1
76.1
76.1
76.1
76.1
76.0
76.0
76.0
76.0
75.9
75.9
75.8
75.8
75.8
75.8
75.7
75.7
75.7
75.7
75.6
75.6
75.6
75.5
75.5
75.5
75.5
75.4
75.4
75.4
75.4
75.3
75.3
75.3
75.3
75.3
75.3
75.2
75.2
75.2
75.2
75.2
75.2
75.1
75.1
75.1
75.1
75.1
75.1
75.1
75.0
75.0
75.0
74.9
74.9
74.9
74.9
74.9
74.9
74.9
74.9
74.9
74.8
74.8
74.8
74.8
74.8
74.6
74.6
74.6
74.6
74.6
74.5
74.5
74.5
74.4
74.4
74.4
74.4
74.4
74.4
74.4
74.3
74.3
74.3
74.3
74.3
74.2
74.2
74.1
74.1
74.1
74.1
74.1
74.1
74.1
74.0
74.0
73.9
73.8
73.8
73.8
73.8
73.7
73.7
73.7
73.7
73.6
73.6
73.6
73.5
73.5
73.4
73.4
73.3
73.2
73.1
73.1
73.1
73.0
72.9
72.9
72.8
72.8
72.4
72.4
72.3
72.3
72.2
72.1
72.1
72.1
72.0
71.9
71.9
71.9
71.9
71.8
71.8
71.7
71.6
71.6
71.5
71.5
71.5
71.4
71.4
71.3
71.3
71.2
71.2
71.2
71.1
70.9
70.5
70.5
70.1
70.0
69.9
69.9
69.9
69.8
69.8
69.7
69.6
69.4
68.9
68.8
68.4
68.2
68.1
68.1
68.0
67.8
67.2
66.2
66.1
65.4
65.1
65.1
64.9
64.6
63.9
63.6
63.5
60.9
60.9
60.8
59.3
58.6
56.5
56.2
55.4
54.8
53.5
52.8
52.2
50.5
39.8
