88.06519116148766
86.1494189441243
88.78416296755034
87.68677058374433
88.24935629944791
87.63935655903646
87.39842488596383
88.80573448411477
89.50001041465688
86.30819958278781
86.96240494933419
85.26008560309923
87.24674608434503
88.04814442872575
86.29451496431182
85.61341195908021
87.97984838603135
86.455246949177
88.31586128744632
89.25922978212522
88.63544517166468
86.8920760107043
87.63459874834953
88.31225291100434
87.3144212787087
89.1732140023158
86.08109413778095
88.08902101699437
86.63547778051118
87.00975208269563
88.77462048463582
89.03066312945118
86.83652229360081
87.67847216697191
87.40306276848715
88.85654495718325
88.41796031195416
86.49071218730306
89.43588075282133
86.07285545684579
86.93195446495542
85.96413468569558
87.75959439440916
86.9420065402589
88.28986658522628
89.34313425060355
88.78072034242815
87.50598690996554
85.623928487478
89.32246539598805
86.9639293264776
87.05589176580126
88.0773369423837
87.64552811261424
85.63997176603738
87.08273544419583
87.23381169226944
86.99481341274114
86.2160077422802
88.23152821445518
87.36833706338032
87.46579664533148
87.0776800491129
88.77979212769809
86.86596270684858
86.93146163524615
88.44929919313356
86.34561725288043
87.78293411738042
89.11302629846033
87.7147335653746
88.79008734887178
86.5920626311558
86.68802785259689
88.6389223562677
86.11153572525579
88.08376553103163
88.63028032998383
87.19003250005507
86.94658463309405
87.40519113158102
87.59375236619766
87.08420163592307
85.84178061174792
87.38735555687991
87.4623932754525
88.34168953621362
87.88233614591294
87.61795029836391
86.672076663127
85.8037855423881
88.46999796362249
86.36993695090248
88.92421849138306
86.41052612196377
88.1171303759226
88.47719584483184
87.69410757315832
87.84759809543303
87.84459845933496
87.05894124006588
87.19217453426516
86.93447319679038
87.64435165899397
86.07942079234049
87.62101565922477
88.58457063297061
89.13178655862924
84.96809515837897
88.1162719550509
88.18479174308074
86.52253193974221
88.43759953780209
89.08843375506953
89.3600507228847
88.72338094394173
86.60057589673126
88.30913016406342
89.25164494385488
88.73992195820661
87.8855841788613
88.68694952443886
87.67466659190164
88.03628924103083
88.62445760261635
88.01372633598773
88.91822184284084
85.9407674576835
85.74389261624856
87.34204657473676
88.98416693544178
86.11625728002964
88.61772016891958
89.12461110811694
89.33193028989612
85.90646991727334
87.9500736635988
88.54176670646851
87.2331294047149
87.40942297444066
87.38609756012494
87.13879225333244
86.030658481987
87.1163173583588
87.05124992940131
87.33986781469915
88.27104212778312
89.02289129881814
87.71067108910897
87.74485985709026
89.32914317457538
88.58914556817469
86.14937259547622
86.28645199276527
89.08288196550191
88.42867769053701
87.98419446774489
88.67427925703932
89.32281145355346
85.46858705604559
86.5619538789154
88.02669175667619
85.78485752798264
89.08614321457691
86.89192854770548
87.747318158133
86.81574984456599
87.91560250943701
88.64473455439497
86.74415905084463
88.03579597484394
86.56807489481827
87.06091754149847
86.31410991415042
87.9953611913547
86.27317874318332
87.2402384892374
89.15151548647293
87.54845602144381
87.11733557530029
86.97184555270508
88.69934926994391
88.28230305522425
86.13677836644064
86.96035600789142
88.25144079598581
89.43806967392209
85.72453903208509
85.95368552836504
86.30319156405382
87.0130453544081
85.71553183958397
87.70482678770522
85.5613564617314
87.24439633785333
85.39199523696576
86.80472093398078
86.1513131863106
88.44411472810553
89.10998098640225
87.37966524001958
87.54970594610882
89.43849528666514
85.73276780304475
87.66595905554269
86.41948218230031
87.07566329132962
86.58845375147321
86.790263399609
88.42974142233327
89.36696804797663
88.08043676093982
89.4718149173146
87.07965721425545
88.1898469060674
87.41152376653515
86.53188013730352
88.91842810679316
86.82997613582758
86.7577535129319
88.17512438025928
89.18525859889297
85.36990915911369
86.16329342745809
87.6104930869123
88.997201783756
89.58598894308452
88.15538984431068
87.40358090434376
88.51951393987977
86.2870682422966
88.93471992129226
85.88865587453056
87.77197596991292
86.84083611741104
86.59120702677025
89.06297805314902
88.48290719867443
87.49056214026912
86.7210337734666
89.02326882302225
88.1099402690949
87.8633165252117
89.1448052913678
87.38508276305909
86.14011135290261
89.27128136951399
88.40712201073129
87.66910338956792
88.70430252613059
87.64206236993427
86.11328431593093
86.14166006510834
89.19695032238381
87.9169297004293
86.07166539895279
88.49545825285696
85.67202745976203
88.99825787321465
86.09486363236326
87.26873803309965
88.08327207769794
87.37506874477631
85.8004762094207
87.66574610752052
85.98026123206651
88.49794705545058
87.65782705101311
89.25198008798769
88.16909283564912
87.7847966765796
88.44062297794463
87.4194960214719
86.08543044129368
86.19736949282455
88.26995924105303
87.674087536919
86.82079452749377
86.11433958325328
86.29908445003963
88.34050910690466
87.16460750827275
87.583199086969
89.38763616203443
87.96788299873863
89.83446685180218
85.93453114764087
86.98897780595556
89.36286381816136
89.56375054807347
88.96577557079152
88.38666633627003
87.3364776012892
86.9192531321564
88.17006991706901
88.20950909593344
89.10857798411998
86.8702487047932
89.06973079572363
88.95718561860073
89.08562640702522
86.01435458278647
86.46895451853908
89.44771485563321
87.55888001688605
87.78922590392699
87.88333303300476
86.51766176043176
88.4325148403541
87.55435528682817
87.54085904674558
87.31566435705481
87.39062069697174
88.21774417682902
86.77325821077879
88.20222915061487
87.90011082068358
87.80263063408216
86.66113897640936
86.09774540335337
88.5600442584256
86.30797106071795
89.18909107615876
87.46854593879276
88.13317557941292
89.20278908291218
87.76074632508195
85.41462682943737
89.55124726799403
89.42237185631416
87.6763583085293
89.04964440568108
87.93032713266712
86.99071960762477
88.0611217832685
87.65388756304179
85.99773902827569
88.28936144821012
88.0452408730344
89.58276595165954
88.37639137242996
86.88820627529691
88.51766173379808
89.19756497318308
85.99155099773772
87.61368795912068
89.0559882783311
87.78834511818602
88.54898328798973
88.43903050151657
89.14334112451495
86.1743398173386
87.10171420815591
87.6366975815984
86.91228628617147
89.29015879419491
89.30471799266364
89.19701962888102
89.06066743032898
87.76164151682443
87.40110560379391
89.21842857562146
87.99144018645568
89.3896086616164
87.77551141876249
88.16297728450306
88.69020975406802
86.68795725838152
89.16474940798632
88.85948780876666
86.8128206691852
87.20729317813912
88.12753163582757
87.6964145897817
89.13388782435409
87.2696752408896
87.40486731383942
87.25186527155978
88.02823958743835
89.18350307093361
88.61457449575707
86.64633441231801
87.8221351599469
87.5563520273544
87.07534210452927
89.14867619578537
87.41286429777928
87.1628340107575
87.56854339336839
87.82508643682371
88.48865012557077
87.27453439480374
86.34691183254303
88.17837716421572
87.75068817115799
89.46162121870668
85.22324455515295
89.11252632115732
89.21372040092592
88.86036713384696
87.69718001876826
86.50220279764548
87.71593527556836
86.00121575160128
86.35219685439093
87.40371787947137
86.86176101730993
86.6461536152248
87.17231473729824
87.6934220146413
86.28717191319498
87.87952895841772
89.63503878060934
88.6160108949807
85.6323031238415
87.58305489628027
85.88216659783772
87.23642158058611
87.54446331505314
88.29091574544793
87.75612206735684
89.43061193131884
85.99248491910714
89.3585113589419
88.45265131741108
88.22773148707893
88.961747329503
89.34452286282414
88.54654427693082
86.82298918734408
88.4852676191715
85.30944732568882
88.96036953006207
86.82461812703802
88.0597005385117
88.29790771258489
86.2484075755768
87.15185325160408
86.18156977400318
88.17536109092177
89.20158175205525
87.49332649857303
86.14325451155351
86.32363774630056
86.14509128045194
87.90743005374637
88.40383666440918
89.02393601437973
87.5190088785987
89.30869565966267
86.51101009091687
87.47798794587587
87.45962290686967
87.44955611494889
87.91531870032262
88.96637584223177
88.85333899252996
88.15553995683582
89.42431354809078
88.21593129784266
86.8832150740741
88.35063145155216
86.1239455616946
86.18264957605447
85.6955712548776
87.21236660371339
88.17429609449326
86.96085572897927
88.59944309466796
88.00755254667583
88.13536437883691
87.26653495491185
89.74170088214227
88.39298191527466
88.34055314912263
86.34484369873847
87.85350029100508
86.38575163041385
87.85843222634244
89.09056873378968
87.07871573583859
88.44869406486501
86.77278298575972
88.15248186709906
86.53111458435977
86.45597625173976
87.0964593242543
86.91192758580993
88.4189014734837
86.3090891072001
87.19391517184008
85.98121090932408
85.71723402587071
87.43417975898797
88.55766689312117
87.86857907476549
89.16655630124477
87.768542089739
88.58794571987853
88.11777693722526
