89.9
89.9
89.6
89.6
89.6
89.4
89.4
89.4
89.4
89.4
89.4
89.3
89.3
89.3
89.3
89.3
89.3
89.3
89.3
89.3
89.2
89.2
89.2
89.2
89.2
89.2
89.2
89.2
89.2
89.2
89.2
89.2
89.2
89.2
89.1
89.1
89.1
89.1
89.1
89.1
89.1
89.1
89.1
89.1
89.1
89.1
89.1
89.1
89.1
89.0
89.0
89.0
89.0
89.0
89.0
89.0
89.0
89.0
88.9
88.9
88.9
88.9
88.9
88.9
88.9
88.9
88.9
88.9
88.9
88.9
88.9
88.9
88.9
88.9
88.8
88.8
88.8
88.8
88.8
88.8
88.8
88.8
88.8
88.8
88.8
88.7
88.7
88.7
88.7
88.7
88.6
88.6
88.6
88.6
88.6
88.6
88.6
88.6
88.6
88.6
88.6
88.6
88.5
88.5
88.5
88.5
88.5
88.5
88.5
88.4
88.4
88.4
88.4
88.4
88.4
88.4
88.4
88.4
88.4
88.4
88.4
88.4
88.4
88.4
88.4
88.4
88.3
88.3
88.3
88.3
88.3
88.3
88.3
88.3
88.3
88.3
88.3
88.2
88.2
88.2
88.2
88.2
88.2
88.2
88.2
88.2
88.2
88.2
88.2
88.2
88.2
88.2
88.2
88.2
88.2
88.2
88.1
88.1
88.1
88.1
88.1
88.1
88.1
88.1
88.1
88.1
88.1
88.1
88.1
88.0
88.0
88.0
88.0
88.0
88.0
88.0
88.0
88.0
88.0
88.0
88.0
87.9
87.9
87.9
87.9
87.9
87.9
87.9
87.9
87.9
87.9
87.9
87.9
87.9
87.9
87.9
87.9
87.9
87.9
87.9
87.8
87.8
87.8
87.8
87.8
87.8
87.8
87.8
87.8
87.8
87.7
87.7
87.7
87.7
87.7
87.7
87.7
87.7
87.7
87.6
87.6
87.6
87.6
87.6
87.6
87.6
87.6
87.6
87.6
87.6
87.6
87.6
87.6
87.6
87.6
87.6
87.6
87.6
87.6
87.6
87.5
87.5
87.5
87.5
87.5
87.5
87.5
87.5
87.5
87.5
87.5
87.5
87.5
87.5
87.5
87.5
87.4
87.4
87.4
87.4
87.4
87.4
87.4
87.4
87.4
87.4
87.4
87.4
87.4
87.4
87.4
87.4
87.4
87.4
87.4
87.4
87.4
87.4
87.4
87.4
87.4
87.4
87.4
87.4
87.4
87.3
87.3
87.3
87.3
87.3
87.3
87.3
87.3
87.3
87.3
87.3
87.3
87.3
87.3
87.3
87.3
87.2
87.2
87.2
87.2
87.2
87.2
87.2
87.2
87.2
87.2
87.2
87.2
87.2
87.2
87.2
87.2
87.2
87.2
87.2
87.2
87.2
87.2
87.2
87.1
87.1
87.1
87.1
87.1
87.1
87.1
87.1
87.1
87.1
87.1
87.1
87.1
87.1
87.1
87.1
87.1
87.1
87.1
87.1
87.1
87.1
87.1
87.0
87.0
87.0
87.0
87.0
87.0
87.0
86.9
86.9
86.9
86.9
86.9
86.9
86.9
86.9
86.9
86.9
86.9
86.9
86.9
86.9
86.8
86.8
86.8
86.8
86.8
86.8
86.8
86.8
86.8
86.8
86.8
86.8
86.8
86.7
86.7
86.7
86.7
86.7
86.7
86.7
86.6
86.6
86.6
86.6
86.6
86.5
86.5
86.5
86.4
86.4
86.4
86.4
86.4
86.4
86.4
86.4
86.3
86.3
86.3
86.3
86.2
86.2
86.2
86.1
86.1
86.1
86.1
86.1
86.0
86.0
86.0
86.0
86.0
85.9
85.9
85.9
85.9
85.8
85.8
85.8
85.8
85.8
85.8
85.8
85.8
85.8
85.7
85.7
85.7
85.7
85.6
85.6
85.6
85.6
85.6
85.5
85.5
85.4
85.4
85.4
85.4
85.3
85.3
85.2
85.2
85.2
85.2
85.2
85.2
85.1
85.1
85.1
85.1
85.1
85.0
85.0
85.0
84.9
84.9
84.9
84.9
84.9
84.9
84.8
84.8
84.8
84.8
84.7
84.7
84.6
84.6
84.5
84.4
84.4
84.4
84.4
84.2
84.2
84.2
84.1
84.1
84.0
83.9
83.9
83.9
83.9
83.9
83.8
83.8
83.5
83.5
83.4
