94.9
93.9
93.8
93.8
93.7
93.7
93.6
93.6
93.6
93.5
93.5
93.4
93.4
93.3
93.3
93.3
93.2
93.2
93.2
93.2
93.2
93.2
93.2
93.1
93.1
93.1
93.1
93.1
93.0
93.0
92.9
92.9
92.9
92.9
92.9
92.9
92.9
92.9
92.9
92.9
92.8
92.8
92.8
92.8
92.8
92.8
92.8
92.8
92.8
92.8
92.8
92.8
92.8
92.7
92.6
92.6
92.6
92.6
92.5
92.5
92.5
92.5
92.5
92.4
92.4
92.4
92.4
92.4
92.3
92.2
92.2
92.2
92.1
92.1
92.1
92.1
92.1
92.1
92.1
92.0
92.0
92.0
91.9
91.9
91.9
91.9
91.8
91.8
91.8
91.8
91.8
91.8
91.8
91.8
91.8
91.8
91.8
91.8
91.8
91.7
91.6
91.6
91.6
91.6
91.6
91.5
91.5
91.5
91.5
91.4
91.4
91.4
91.4
91.4
91.4
91.4
91.4
91.4
91.4
91.3
91.3
91.3
91.2
91.2
91.2
91.2
91.2
91.1
91.1
91.1
91.1
91.1
91.1
91.1
91.1
91.1
91.1
91.0
91.0
91.0
91.0
91.0
90.9
90.9
90.9
90.9
90.9
90.9
90.9
90.9
90.9
90.9
90.9
90.9
90.9
90.9
90.8
90.8
90.8
90.8
90.8
90.8
90.8
90.8
90.8
90.8
90.8
90.7
90.7
90.7
90.7
90.7
90.7
90.6
90.6
90.6
90.6
90.6
90.6
90.6
90.6
90.6
90.6
90.6
90.6
90.6
90.6
90.6
90.6
90.5
90.5
90.5
90.5
90.5
90.5
90.5
90.5
90.4
90.4
90.4
90.4
90.4
90.4
90.4
90.4
90.4
90.4
90.4
90.4
90.4
90.4
90.4
90.4
90.4
90.4
90.4
90.3
90.3
90.3
90.3
90.2
90.2
90.2
90.2
90.2
90.2
90.2
90.2
90.2
90.2
90.2
90.2
90.2
90.1
90.1
90.1
90.1
90.1
90.1
90.1
90.1
90.1
90.1
90.1
90.1
90.1
90.1
90.1
90.1
90.1
90.1
90.1
90.1
90.1
90.1
90.1
90.0
90.0
90.0
90.0
90.0
90.0
90.0
90.0
90.0
90.0
90.0
90.0
90.0
90.0
90.0
90.0
90.0
90.0
90.0
89.9
89.9
89.9
89.9
89.9
89.9
89.9
89.9
89.9
89.9
89.9
89.9
89.9
89.8
89.8
89.8
89.8
89.8
89.8
89.8
89.8
89.8
89.8
89.8
89.8
89.8
89.8
89.8
89.8
89.8
89.8
89.8
89.7
89.7
89.7
89.7
89.7
89.7
89.7
89.7
89.7
89.6
89.6
89.6
89.6
89.6
89.6
89.6
89.6
89.6
89.6
89.6
89.6
89.6
89.6
89.6
89.6
89.6
89.5
89.5
89.5
89.5
89.5
89.5
89.5
89.5
89.5
89.5
89.4
89.4
89.4
89.4
89.4
89.4
89.4
89.4
89.4
89.4
89.4
89.4
89.4
89.4
89.4
89.4
89.4
89.4
89.4
89.4
89.4
89.4
89.3
89.3
89.3
89.3
89.3
89.3
89.3
89.3
89.2
89.2
89.2
89.2
89.2
89.2
89.2
89.2
89.2
89.2
89.2
89.2
89.2
89.2
89.1
89.1
89.1
89.1
89.1
89.1
89.1
89.1
89.1
89.0
89.0
89.0
88.9
88.9
88.9
88.9
88.9
88.9
88.9
88.9
88.9
88.9
88.9
88.8
88.8
88.8
88.8
88.8
88.8
88.8
88.8
88.8
88.8
88.8
88.8
88.8
88.7
88.7
88.7
88.6
88.6
88.6
88.6
88.6
88.6
88.6
88.6
88.6
88.5
88.5
88.5
88.5
88.5
88.5
88.4
88.4
88.4
88.4
88.3
88.2
88.2
88.2
88.2
88.2
88.2
88.2
88.0
88.0
87.9
87.8
87.8
87.8
87.8
87.8
87.7
87.7
87.7
87.6
87.6
87.4
87.4
87.4
87.2
87.2
87.2
87.0
86.9
86.8
86.6
86.6
86.5
86.4
86.2
86.1
86.0
86.0
86.0
85.9
85.2
85.2
85.1
84.9
84.4
84.1
83.0
82.5
81.1
81.1
80.2
78.9
73.2
70.5
55.9
