95.1
95.0
94.9
94.9
94.9
94.7
94.7
94.7
94.6
94.6
94.6
94.6
94.5
94.5
94.4
94.4
94.4
94.3
94.2
94.2
94.2
94.2
94.1
94.1
94.1
94.1
94.0
94.0
94.0
94.0
93.9
93.9
93.8
93.8
93.8
93.7
93.7
93.7
93.7
93.6
93.6
93.6
93.6
93.5
93.5
93.5
93.4
93.4
93.4
93.4
93.4
93.4
93.4
93.3
93.2
93.1
93.1
93.1
93.1
92.9
92.9
92.9
92.9
92.8
92.8
92.6
92.6
92.5
92.5
92.4
92.4
92.3
92.3
92.3
92.3
92.3
92.2
92.2
92.1
92.1
92.1
92.1
92.1
92.1
92.1
92.1
92.1
92.0
92.0
92.0
91.9
91.9
91.9
91.9
91.9
91.9
91.9
91.9
91.9
91.9
91.9
91.8
91.8
91.8
91.8
91.8
91.8
91.8
91.8
91.8
91.8
91.8
91.8
91.8
91.8
91.8
91.8
91.7
91.7
91.7
91.7
91.7
91.7
91.7
91.7
91.6
91.6
91.6
91.6
91.6
91.6
91.6
91.6
91.6
91.6
91.6
91.6
91.6
91.6
91.6
91.6
91.6
91.6
91.6
91.6
91.6
91.5
91.5
91.5
91.5
91.5
91.5
91.5
91.5
91.5
91.5
91.4
91.4
91.4
91.4
91.4
91.4
91.4
91.4
91.4
91.4
91.4
91.4
91.4
91.4
91.4
91.4
91.4
91.4
91.4
91.4
91.4
91.4
91.4
91.4
91.4
91.4
91.4
91.4
91.3
91.3
91.3
91.3
91.3
91.3
91.3
91.3
91.3
91.3
91.3
91.3
91.3
91.3
91.2
91.2
91.2
91.2
91.2
91.2
91.2
91.2
91.2
91.2
91.2
91.2
91.2
91.2
91.2
91.2
91.2
91.2
91.2
91.2
91.2
91.2
91.2
91.1
91.1
91.1
91.1
91.1
91.1
91.1
91.1
91.1
91.1
91.1
91.1
91.1
91.1
91.1
91.1
91.1
91.1
91.1
91.1
91.1
91.1
91.1
91.1
91.1
91.1
91.1
91.1
91.1
91.1
91.1
91.0
91.0
91.0
91.0
91.0
91.0
91.0
91.0
91.0
91.0
91.0
90.9
90.9
90.9
90.9
90.9
90.9
90.9
90.9
90.9
90.9
90.9
90.9
90.9
90.9
90.9
90.9
90.9
90.9
90.9
90.9
90.9
90.9
90.9
90.9
90.9
90.9
90.9
90.9
90.9
90.9
90.9
90.8
90.8
90.8
90.8
90.8
90.8
90.8
90.8
90.8
90.8
90.8
90.8
90.8
90.8
90.8
90.8
90.8
90.8
90.8
90.8
90.8
90.8
90.8
90.8
90.8
90.8
90.8
90.8
90.8
90.8
90.7
90.7
90.7
90.7
90.7
90.7
90.7
90.7
90.7
90.7
90.7
90.7
90.6
90.6
90.6
90.6
90.6
90.6
90.6
90.6
90.6
90.6
90.6
90.6
90.6
90.6
90.6
90.5
90.5
90.5
90.5
90.5
90.5
90.5
90.4
90.4
90.4
90.4
90.4
90.4
90.4
90.4
90.4
90.4
90.4
90.4
90.4
90.4
90.4
90.4
90.4
90.3
90.3
90.3
90.3
90.3
90.3
90.3
90.3
90.3
90.3
90.3
90.2
90.2
90.2
90.2
90.2
90.2
90.2
90.2
90.2
90.2
90.2
90.2
90.2
90.2
90.2
90.2
90.1
90.1
90.1
90.1
90.1
90.1
90.1
90.1
90.1
90.1
90.1
90.1
90.1
90.1
90.1
90.1
90.1
90.1
90.0
90.0
90.0
90.0
90.0
90.0
89.9
89.9
89.9
89.9
89.9
89.9
89.9
89.9
89.9
89.9
89.9
89.9
89.8
89.8
89.8
89.8
89.8
89.8
89.8
89.8
89.8
89.7
89.7
89.7
89.7
89.7
89.6
89.6
89.6
89.6
89.6
89.6
89.6
89.6
89.6
89.6
89.5
89.5
89.5
89.5
89.5
89.5
89.5
89.4
89.4
89.4
89.4
89.4
89.4
89.4
89.4
89.3
89.3
89.2
89.2
89.2
89.2
89.2
89.2
89.2
89.1
89.1
89.0
88.9
88.8
88.8
88.8
88.7
88.7
88.7
88.7
88.6
88.2
87.6
