92.84191835963254
92.90200847362895
94.11980323448607
92.2725419965099
93.15654566347418
92.99590245261093
92.4663596766607
92.87214268318601
92.77747736738667
92.84468909311941
92.58459477212756
92.81135909567423
93.71614618474136
92.6875668790428
93.36910791331772
92.43087369760073
91.83455578713232
93.28107926391638
95.19149783501933
92.99162502915884
92.13245344307043
93.33020974121276
94.48288219078549
92.07930649343481
95.30961468194361
92.97745025105927
93.31557830808188
91.87950371154582
93.58686869433961
92.23651094737517
92.69577599696285
93.08253498460616
95.05093724740703
93.19745560068272
95.14460133971771
92.76681557915286
92.1085246599778
93.64152660349704
93.26761257721255
92.97858057023092
93.10719869114985
92.74113720221327
92.45647436233354
91.72400167062554
93.0386355195804
92.77231965683424
93.32848440800956
91.34157160800791
92.99089754211278
92.95460232462841
95.14084767326462
92.02254865679953
92.8690479230161
92.71267109299261
93.10908455678131
95.31660235710766
93.05177741923403
93.36825643450364
93.18830346246573
91.99093841963087
91.8429590119997
91.835082299246
95.30033003073785
92.72972442528645
93.0992310907246
94.74813559648129
93.47456769840738
92.94215280646466
91.9239303860551
93.04783656734028
95.19853150041524
92.83745668680751
92.63118771641696
95.71418009860001
92.93452840176604
93.18451696762273
92.0916604204606
92.88265255315848
95.63302030031728
91.3197608773784
92.75503147506387
92.17271008523691
94.9806742804533
92.78865949651437
93.28586665499081
95.23569936556795
92.94131397928355
93.6664906331159
91.49270840226822
95.0493444327085
93.03901228618454
93.22224141332613
93.20084427901736
92.75839901777188
92.82490646684948
92.13165208841654
91.79021676435582
95.41406601282502
91.92595733808818
91.92289566171688
93.5920395759373
93.25758046671277
95.41772654232993
95.6268020602825
94.34976526777824
95.51912248713278
92.80670803095457
92.746102031107
92.74002669035315
93.13715277886014
93.0849525482813
92.6617825198919
93.2771871049567
92.55270474120358
92.95949156826775
93.00668706752231
92.48147943077164
93.17642870960461
93.1182042250982
92.34150427539531
92.16936412691291
92.71389500003848
91.97039948098273
91.38559546852717
93.11062860083412
92.19820445055551
92.74299709866403
92.91160930635047
93.28098849965622
91.76026112226221
92.82294553372688
93.1206882974428
92.68413394495165
93.09866335477454
92.87798423581656
92.71272780528227
92.834788703091
92.22463338099033
95.31988790970611
91.43558838854683
91.63351433198011
92.22803449908264
93.19835311308826
91.68062762838578
95.43032062898219
92.45348737895033
92.9743300766775
92.48708507851981
92.90987075121852
95.574098521835
92.77737815411706
93.36956742578082
93.26984785065483
93.61478915953924
92.84592759925833
92.6794420763202
92.34659596415598
92.86063287334815
93.09957644862507
93.38163489111926
91.2097799688429
93.20638132653782
93.17189189386916
92.90710880601061
92.88167727478894
92.601748317979
92.06197605045567
90.84624447799403
93.62176930285874
95.3733440372164
94.53223555276722
92.47521640890393
92.46202450333641
93.00869394696147
92.080709618651
93.0988279158551
95.2809272201671
92.85764620755589
95.25974898790108
94.91118851629727
92.40122827088639
92.35883758318033
93.0695584366297
92.96212918848032
95.41002832762221
92.57624566499354
92.92645351189148
92.97896519144376
92.90838999910494
94.146824921918
91.94875261357367
92.30776978596218
92.15419073553865
92.67500093666364
91.99074598182348
92.59359352228
95.28245722579884
93.39555321094774
93.27809843618793
92.9632793177034
94.84271829781419
91.59115768001622
92.84201689845406
93.32459792064348
91.58815567842765
95.2189466983657
92.71674433610318
91.35493818063425
95.1176401559542
93.30849312404688
92.74796706403298
92.85634733830759
92.81724248677091
92.69466028280542
92.2005219374935
91.95876060857861
93.05389409010333
94.66379847902256
92.11641243936901
93.06893704558203
91.64627164861903
93.0681565418711
93.00863851275696
93.90038957946527
93.28735850853305
92.8066437027536
93.18661949814117
92.88598019783701
92.73492508288415
92.8763591050224
93.12155724218582
93.03064149465543
92.69581699490168
92.47903624590691
94.92608138215249
95.17677022286261
92.7583780440436
92.54312493040577
92.01260274890646
95.52701024685236
92.75363732758495
92.89851461567814
92.944997915892
92.81274894048342
95.32717533272735
92.59373349289824
92.871094265529
91.91816242226555
92.81594539550811
92.09317901561427
94.79574646568906
91.5661578556414
92.90669247508743
92.59075687032083
92.45966294570265
93.8455143899547
91.80341579570758
92.88982307886621
92.69575812131507
94.13447920293443
95.56423355469711
91.73532654532507
91.64743801427335
92.78308332694992
91.8787204629721
92.98409229287937
92.36233861757368
92.74462164188184
92.69548647799839
92.48821681775257
92.69624087222041
92.90099973700332
91.39238796706856
92.91859905751315
92.9924294755982
92.2226701055418
95.62839456313168
94.89743399412806
92.32283200499906
92.7617607070439
92.30855284053746
95.52077568075772
92.74043198362448
94.415590982145
91.68549731390412
92.83881801147848
92.99073686161994
92.79202110369467
92.91094431571294
92.86993647751795
93.57496544566823
92.49907846418759
92.91236948356551
95.30931560038977
92.90400610791673
92.72452194987078
92.78240554092069
92.26446337594939
92.94256410514048
92.89884048662752
92.84683264060375
93.15221317404983
93.63199184284365
92.93239609938159
92.6630575750043
92.46844964604283
91.94010611874606
92.65373228492854
92.61862849663227
95.10132689247277
94.89768404359508
92.56105711774634
95.8887797434828
92.46477526631355
95.0334527858207
93.19327543814998
93.13316714968848
93.97365185648755
92.9719543767877
93.56444794193347
93.03669714477456
93.02622406563819
92.79468707325353
95.29388368996302
93.28944119569607
93.15027976177116
91.92189835458792
92.80122617465048
94.55284175631098
92.92054419559526
92.69144411562556
92.74887352759093
91.44842705584995
92.60031411128696
92.12938815694818
92.74980894239492
93.20123223033363
92.15274843790534
92.64747787310355
92.78208621764318
91.75712520223901
95.40679891345239
91.85239100119317
92.99858160776442
93.21465747614563
92.0043084795777
92.72280225875218
92.03888219625047
92.55800853660293
93.18971675089209
93.46170725947232
93.03055857377198
92.86357646687387
92.31946082912435
95.23691117888158
93.05343498454195
92.62497688173515
92.96057355357142
92.86703314329486
91.80175539004898
92.16029722716169
92.72952639704586
91.58200634004118
94.17328898587422
92.25192596712017
93.45348358380612
93.36108773265542
93.0115398356548
92.41654758142083
92.80641178925843
95.47648289764113
92.71855880238422
93.27938935264402
92.73694819547916
92.90678842310498
93.01842060397247
95.27883409548376
91.13179801140551
92.68126520680511
92.79984817050406
92.17793986324448
93.02199119474562
92.05658663667549
94.5652234566811
95.34569372630187
93.02063583286653
95.29008048385694
92.72724709837793
95.15963576833742
93.22661794310062
92.15640725474184
92.8481069737006
92.36212183512272
92.96583567675998
92.37367839398618
92.77501213652532
92.82984099464166
92.13741471202081
93.11124373191728
93.09909817371171
93.00154255637186
93.13309281939814
92.16324166886625
92.46396214051079
93.14214103448957
92.3657758383385
93.5722399371687
94.91966927454419
91.43465350380988
91.30638547607056
92.8421571845129
92.92541125201323
93.04595691881907
92.9272168536709
93.2734271193247
95.44048949637188
93.16530999027403
91.84189997202924
95.45258134277384
93.1408681679764
92.33391245475998
92.76200940297564
92.64222217591379
92.76357827460477
92.36311078690154
93.01653238886898
92.81911064067368
92.98213604677831
92.98931992888222
92.6336789357723
92.36070625211248
93.48346468506327
93.36377967579952
94.91556711731758
92.64056220612554
92.77938845680079
92.66235017877398
91.97701336432361
93.92401753074833
92.15240107055149
92.76762485248851
95.4083727291296
92.97255493400516
95.6798092385218
92.68410057959223
92.35944061703277
93.25966754105679
92.98000245885906
92.77619236710494
92.8330021856577
93.31456899728266
91.2536092935368
91.8108071030236
92.44788442201158
91.85342457095706
92.63310638858795
94.50520333419556
92.18721952664312
92.89276845359389
93.09394989132763
92.8727955810853
91.69816009155055
92.51995222606874
93.28728927320833
93.42925178741277
95.62158065337434
92.77631622116321
93.31884339098464
91.65394493185028
92.87491962209015
92.52044503377341
92.31567173439537
92.8449430748311
91.99495304047069
92.0158889478633
93.10753287165814
92.18568430921971
95.0583938791049
91.54567136914137
92.96710575154158
94.66949629122766
91.8206869887731
95.35448261003981
92.23634912312691
92.65939607508056
93.30917709171958
92.81861862866303
95.70313990134316
93.25211562748751
92.7916191224158
91.65316887546797
93.04700672056299
92.46510731999376
94.55089928282244
91.93256965966874
94.44279953946457
93.2401362330139
92.57102189495895
92.11090227946579
92.94003885973736
