97.9443906042373
97.43447637757176
97.84955600702062
97.59090601297063
97.95458900228412
97.80064405169499
97.76082443998911
97.96907526836296
98.01057465921029
97.48533700520399
97.80701759992245
97.61012177471451
97.7657426900397
97.93061547347578
97.58483481476956
97.62352435200407
97.6154524741175
97.3923307761569
97.83751358207736
97.96696076561976
97.93242231698098
97.59459090455707
97.71343190395044
97.55967810790935
97.72147981670386
98.00062434191868
97.4409322933395
97.55632887858269
97.43423192953789
97.20396808587766
98.03268136042114
98.0250918664687
97.85854643217455
97.91106571673468
97.77830585028326
97.99014035848133
98.01330809247851
97.58039605655604
97.91661486754597
97.44063710648558
97.79967479049486
97.2352602576728
97.51104794819139
97.4010482406015
97.97996067199406
97.92308957498416
97.98273381605321
97.56010323190335
97.5311449818043
98.07503215182636
97.71073906911377
97.3237598093819
97.98587437413754
97.30179646538495
97.39311564091005
97.83653288881821
97.74965130052864
97.74386513678797
97.49325922882859
97.94523171143493
97.49319804826082
97.40546636067062
97.87520464144157
98.02948725407308
97.48796740496392
97.72589002187782
97.99186953389186
97.39063822558201
97.4598454059988
98.046915294511
97.84533766836624
97.95778433782978
97.48589685103808
97.81271656761368
97.99926960237879
97.34030138018517
97.63892676786601
97.96756819924263
97.89734685134343
97.7280557554006
97.66915923868206
97.59121298558652
97.72704547295744
97.57468015333367
97.79647905695752
97.74761047971026
97.99329158424844
97.9821690347421
97.59623279545893
97.85111338959868
98.1308188298293
97.90434815115331
97.43029017229684
97.9479303976086
97.62662874009204
97.91336014972532
97.97307243757565
97.88986848275303
97.39942390646335
97.9906515588851
97.77924587585552
97.78974737052013
97.85999227871564
97.86264859819984
97.43494397307482
97.86666739178929
97.92902849876721
98.01828411990965
97.51851980906
97.94557322362695
97.61178031328994
97.34297084618655
97.89216394761732
98.07755703649325
98.01580026901216
97.90138445430127
97.56404479892818
97.94973432312214
97.91025190170619
97.97825673429614
97.56089592822511
98.01747617644475
97.60785130005016
97.4277831658044
97.96893411390955
97.44809510268541
98.06182826950894
97.52032661411037
97.33883761655144
97.62049662179118
97.9126723657144
97.4958887608363
97.910026696061
97.97309670518551
98.00384742258915
97.44184329077433
98.00339195399992
97.8981391592215
97.7548191264631
97.42665722438032
97.61175113681001
97.1919668330674
97.32471190969557
97.3933171174133
97.86685639238182
97.75485160994785
97.98588262354235
97.9649834651327
97.9346349696193
97.89459777004848
97.88436660790347
97.77103414752447
97.29850330013186
97.33383295323597
98.02865749340175
98.01943203019655
97.58252005840119
98.00998846160994
98.02231320167132
97.26388076055498
97.66605183105025
97.95608781478813
97.548164608211
98.11779039387017
97.8714762255724
97.51468134357576
97.54749115043518
97.49364520020622
97.94543636305711
97.6558859042344
97.8552514599597
97.55978370591589
97.77257298575496
97.44863231040105
97.4790903141058
97.46380522366991
97.75751561979054
98.15047760963671
97.8427257166427
97.94389413249154
97.44164049465955
97.9177445208433
97.5651093634173
97.44820594462395
97.88358595414917
97.52095645887894
98.07521166290574
97.44784794238352
97.46340392133361
97.42242618221206
97.53759046065001
97.36523879845186
97.5721397587479
97.53617597439161
97.49905687655581
97.48925144463983
97.80662609212361
97.57079765644379
97.89696080691698
98.06229072014229
97.87729938255026
97.56952467617192
98.07217361478202
97.20418890718122
97.64247891146593
97.83886350242295
97.65380953831286
97.65788997744322
97.81369779313773
97.93162482814155
98.07836862943945
97.96713683451335
97.8973623542014
97.76979961204273
97.67395774566258
97.58943529004755
97.47459480910588
98.11022006801015
97.5676575932943
97.79313217459276
97.39520751363712
97.71492050051721
97.59636943354683
97.49290959674819
97.65832881460659
98.06981489242408
98.05307054677193
97.89518083021551
97.72074922027186
97.92858159520794
97.35023520835894
97.78834093664847
97.28233706356737
97.67219832542463
97.79228057044185
97.77960281652447
98.04784419423268
97.3827973932258
97.48687113838982
97.78987946813294
98.00938598301029
97.88657869377231
97.80196155407518
98.14167454263142
97.76318082142781
97.48811719323317
98.08925935109525
98.00580658694591
97.39754433700584
98.04476843705201
97.64646808720255
97.47420201124784
97.48417774972084
98.01567440239769
97.58157930650628
97.39774399414704
98.02848133790137
97.54063957462132
98.17328358127597
97.60056016718687
97.94494789961976
97.99365738602047
97.52760449016999
97.5207647120227
97.5282947445373
97.4539269873426
97.96281097564945
97.80837772476421
97.98981031243656
97.97008584641932
97.98399812676458
97.91419145817919
97.58244388618539
97.63143044709595
97.42114761689784
97.94178270592339
97.64111003510928
97.93831106801
97.28841598915929
97.40167344531149
97.62083691582384
97.92150454831257
97.81622075205118
98.12251489953451
97.50069632126517
97.72685016195004
97.5147302757575
97.45100909075647
97.95220719558957
97.99401349320416
98.0326532416201
97.880024574899
97.8120242860482
97.84821291587454
97.99902796523331
97.94779331589145
98.00754027260648
97.5885559844434
97.84843438777526
97.95054118501109
97.97432157911246
97.47338752248332
97.4425101230605
98.05570440908136
98.01324362284925
97.62418795666422
97.39810704986022
97.46333138553416
98.00774735350997
97.80366836279484
97.72019130034872
97.81656878457969
97.69484252345066
97.93945817155702
97.8082509908582
98.00820185260926
97.93562982723695
98.02811098271161
97.53543213861887
97.37313041493536
97.98151023915723
97.62203947870695
98.02142641650975
97.74131149588949
97.92109869706269
97.98805473175142
97.57931998162755
97.31063746766769
97.9927051358665
97.98491679553561
97.63555565498021
98.0929864036264
97.63063675814632
97.67805731790885
97.97188552856993
97.93336659301627
97.51441769006122
97.89022165953533
97.93105819612232
97.90960001280455
97.94321607368353
97.57136631357051
97.94482194530586
97.81095313810526
97.45081090368912
97.50454476080186
98.02438266172618
97.37145848919762
97.93979176182765
97.77195313002169
98.11784021457845
97.55507345638796
97.49651468542368
97.599534401215
97.7462304131187
98.00840892039037
97.85047886654505
98.08822360279356
98.0748499314905
97.63532225533815
97.5963310797091
98.12476600994763
97.99830424841531
97.83243565476187
97.59957442332944
97.97840470159099
98.05719280019873
97.46653752732553
98.02869162413617
98.03152777618796
97.75625200428979
97.76346296509502
97.96808772999091
97.37165153808839
98.07244614678294
97.52863663296277
97.71601354228989
97.65106399161859
97.44996717551115
98.10368897710092
98.03866373076744
97.54593929364076
97.39234964893937
97.80894096956246
97.70374896411475
98.08800006162171
97.86922347728293
97.78900341554456
97.74916319013393
97.95152088011162
97.9499849112795
97.80271560400813
97.49812006915303
97.98334233895658
97.86694646196183
97.99375575125211
97.37655921397534
97.97659394632014
98.08163728477625
98.02194050715185
97.31308744277153
97.87850947089179
97.56356986991992
97.55015981350736
97.38043751288332
97.56104187974235
97.3817529195608
97.64304957916771
97.46127833739543
97.41326798883924
97.42222567422608
97.65885205332614
98.0216224347703
97.9743821207797
97.4991336143625
97.63713642449335
97.57846840369298
97.58402532507887
97.83961420008251
97.84033674222941
97.11932049651654
98.02504582731733
97.43925358469963
98.0335748160645
98.01498869791371
97.96494940430033
98.01983755207158
98.00688538261575
98.09704379504674
97.54254125945107
97.95708729249944
97.40461798965731
97.909088700424
97.54237429310847
97.4883540158634
97.87333051771384
97.4128484522251
97.51356098931133
97.54460998169012
98.08473539672308
98.04550066236736
97.78902528298987
97.46035012126052
97.760329200564
97.4269234989108
97.52366130096763
97.97188392622891
97.96573562128572
97.90209591847065
98.11630806784375
97.43832090808387
97.5433405414318
97.73862729163743
97.80187617245728
97.578356549994
97.91753099589506
97.95552796495025
97.27099109487227
98.00450216065875
97.97093109769199
97.72681892086774
97.91668897381282
97.31868759768489
97.40044595344902
97.49699819807981
97.80278025005435
98.0343434353093
97.36481475627275
97.92889415686656
98.01106884598587
97.53475629477083
97.50211242829968
97.79302715737222
97.35853068603654
97.94947639550996
97.48478529874109
97.50278470690142
97.83648321118798
97.37476946602003
97.94721990639918
97.75699256782066
97.9200378514059
97.76983188008924
97.66584999590837
97.4469002380388
97.37084303808057
97.71758748379246
97.8655942325144
97.9211577044095
97.5090001551807
97.40889405934337
97.51849905881073
97.40209149524749
97.88616256947655
97.97536475356148
97.8413212227563
97.93346188162347
97.50003435211623
98.01408082692882
97.90871623806409
