97.8
97.8
97.8
97.8
97.8
97.8
97.8
97.8
97.8
97.7
97.7
97.7
97.7
97.7
97.7
97.7
97.7
97.7
97.7
97.7
97.6
97.6
97.6
97.6
97.6
97.6
97.6
97.6
97.6
97.6
97.6
97.6
97.6
97.6
97.6
97.6
97.6
97.6
97.6
97.6
97.6
97.6
97.5
97.5
97.5
97.5
97.5
97.5
97.5
97.5
97.5
97.5
97.5
97.5
97.5
97.5
97.5
97.5
97.5
97.5
97.5
97.5
97.5
97.5
97.5
97.5
97.5
97.5
97.4
97.4
97.4
97.4
97.4
97.4
97.4
97.4
97.4
97.4
97.4
97.4
97.4
97.4
97.4
97.4
97.4
97.4
97.4
97.4
97.4
97.4
97.4
97.4
97.4
97.4
97.4
97.4
97.4
97.4
97.4
97.4
97.4
97.4
97.4
97.3
97.3
97.3
97.3
97.3
97.3
97.3
97.3
97.3
97.3
97.3
97.3
97.2
97.2
97.2
97.2
97.2
97.2
97.2
97.2
97.2
97.2
97.2
97.2
97.2
97.2
97.2
97.2
97.2
97.2
97.2
97.2
97.2
97.2
97.2
97.2
97.2
97.2
97.2
97.2
97.2
97.2
97.2
97.2
97.2
97.2
97.2
97.2
97.2
97.1
97.1
97.1
97.1
97.1
97.1
97.1
97.1
97.1
97.1
97.1
97.1
97.1
97.1
97.1
97.1
97.1
97.1
97.1
97.1
97.1
97.1
97.1
97.1
97.1
97.1
97.1
97.1
97.1
97.1
97.1
97.1
97.1
97.1
97.1
97.1
97.1
97.1
97.1
97.1
97.1
97.1
97.1
97.1
97.1
97.1
97.1
97.0
97.0
97.0
97.0
97.0
97.0
97.0
97.0
97.0
97.0
97.0
97.0
97.0
97.0
97.0
97.0
97.0
97.0
97.0
97.0
97.0
97.0
97.0
97.0
97.0
97.0
97.0
97.0
97.0
97.0
97.0
97.0
97.0
96.9
96.9
96.9
96.9
96.9
96.9
96.9
96.9
96.9
96.9
96.9
96.9
96.9
96.9
96.9
96.9
96.9
96.9
96.9
96.9
96.9
96.9
96.9
96.9
96.9
96.9
96.9
96.9
96.9
96.9
96.9
96.9
96.9
96.9
96.9
96.9
96.9
96.9
96.9
96.9
96.9
96.9
96.9
96.9
96.9
96.9
96.9
96.9
96.9
96.9
96.9
96.9
96.9
96.9
96.9
96.9
96.9
96.9
96.9
96.9
96.9
96.8
96.8
96.8
96.8
96.8
96.8
96.8
96.8
96.8
96.8
96.8
96.8
96.8
96.8
96.8
96.8
96.8
96.8
96.8
96.8
96.8
96.8
96.8
96.8
96.8
96.8
96.8
96.8
96.8
96.8
96.8
96.8
96.8
96.8
96.8
96.8
96.8
96.8
96.8
96.8
96.8
96.7
96.7
96.7
96.7
96.7
96.7
96.7
96.7
96.7
96.7
96.7
96.7
96.7
96.7
96.7
96.7
96.7
96.7
96.7
96.7
96.7
96.7
96.7
96.6
96.6
96.6
96.6
96.6
96.6
96.6
96.6
96.6
96.6
96.6
96.6
96.6
96.6
96.6
96.6
96.6
96.6
96.6
96.6
96.6
96.6
96.6
96.6
96.6
96.6
96.6
96.6
96.6
96.6
96.6
96.6
96.6
96.6
96.6
96.6
96.6
96.5
96.5
96.5
96.5
96.5
96.5
96.5
96.5
96.5
96.5
96.5
96.4
96.4
96.4
96.4
96.4
96.4
96.4
96.4
96.4
96.4
96.4
96.4
96.4
96.4
96.4
96.4
96.4
96.4
96.4
96.4
96.4
96.4
96.4
96.4
96.4
96.3
96.3
96.3
96.3
96.3
96.3
96.3
96.3
96.3
96.3
96.3
96.3
96.2
96.2
96.2
96.2
96.2
96.2
96.2
96.2
96.2
96.2
96.2
96.2
96.2
96.1
96.1
96.1
96.1
96.1
96.1
96.1
96.1
96.1
96.1
96.1
96.0
96.0
96.0
96.0
95.9
95.9
95.9
95.9
95.9
95.9
95.9
95.9
95.8
95.8
95.8
95.8
95.8
95.8
95.7
95.7
95.7
95.7
95.6
95.6
95.5
95.5
95.5
95.4
95.4
95.3
95.3
95.2
95.1
94.9
