96.7
96.7
96.7
96.6
96.6
96.6
96.5
96.5
96.4
96.4
96.3
96.2
96.2
96.2
96.2
96.2
96.2
96.2
96.2
96.2
96.1
96.1
96.1
96.1
96.1
96.1
96.1
96.1
96.1
96.1
96.1
96.1
96.1
96.0
96.0
96.0
95.9
95.9
95.9
95.9
95.9
95.9
95.9
95.9
95.8
95.8
95.8
95.8
95.8
95.8
95.8
95.8
95.8
95.8
95.8
95.7
95.7
95.7
95.7
95.7
95.6
95.6
95.6
95.6
95.6
95.6
95.6
95.5
95.5
95.5
95.5
95.5
95.5
95.5
95.5
95.4
95.4
95.4
95.4
95.4
95.4
95.4
95.4
95.4
95.4
95.4
95.4
95.4
95.3
95.3
95.3
95.3
95.3
95.3
95.3
95.3
95.3
95.3
95.2
95.2
95.2
95.2
95.2
95.2
95.2
95.2
95.2
95.2
95.2
95.2
95.1
95.1
95.1
95.1
95.1
95.1
95.1
95.1
95.1
95.1
95.1
95.1
95.1
95.1
95.1
95.0
95.0
95.0
94.9
94.9
94.9
94.9
94.9
94.9
94.9
94.9
94.9
94.9
94.9
94.9
94.8
94.8
94.8
94.8
94.8
94.8
94.8
94.8
94.8
94.8
94.8
94.8
94.8
94.8
94.8
94.8
94.8
94.7
94.7
94.7
94.7
94.7
94.7
94.7
94.7
94.7
94.7
94.6
94.6
94.6
94.6
94.6
94.6
94.5
94.5
94.4
94.4
94.4
94.4
94.4
94.4
94.4
94.4
94.4
94.4
94.4
94.3
94.3
94.3
94.3
94.3
94.2
94.2
94.2
94.2
94.2
94.2
94.2
94.2
94.2
94.1
94.1
94.1
94.1
94.1
94.1
94.1
94.1
94.0
94.0
94.0
94.0
94.0
94.0
93.9
93.9
93.9
93.9
93.9
93.9
93.8
93.8
93.8
93.8
93.8
93.8
93.8
93.8
93.7
93.7
93.7
93.7
93.6
93.6
93.6
93.6
93.6
93.6
93.6
93.6
93.6
93.6
93.5
93.5
93.5
93.5
93.5
93.5
93.5
93.5
93.4
93.4
93.4
93.4
93.4
93.4
93.4
93.3
93.3
93.3
93.3
93.3
93.2
93.2
93.2
93.2
93.2
93.2
93.2
93.2
93.2
93.2
93.2
93.2
93.2
93.2
93.2
93.1
93.1
93.1
93.1
93.1
93.1
93.1
93.0
92.9
92.9
92.9
92.9
92.9
92.9
92.9
92.9
92.8
92.8
92.8
92.8
92.8
92.8
92.8
92.8
92.7
92.7
92.7
92.6
92.6
92.6
92.6
92.6
92.6
92.6
92.6
92.6
92.6
92.5
92.5
92.5
92.5
92.5
92.5
92.5
92.4
92.4
92.4
92.4
92.4
92.4
92.4
92.4
92.2
92.2
92.2
92.2
92.1
92.1
92.1
92.0
92.0
92.0
92.0
91.9
91.9
91.9
91.9
91.8
91.8
91.8
91.8
91.8
91.7
91.7
91.6
91.6
91.6
91.6
91.6
91.4
91.3
91.3
91.3
91.3
91.3
91.2
91.2
91.2
91.1
91.1
91.1
91.0
90.9
90.9
90.9
90.9
90.8
90.8
90.8
90.8
90.7
90.6
90.6
90.6
90.6
90.5
90.5
90.5
90.5
90.3
90.2
90.2
90.1
90.1
90.1
90.0
89.9
89.8
89.8
89.8
89.8
89.6
89.4
89.4
89.3
89.2
89.2
89.0
88.9
88.9
88.8
88.7
88.7
88.6
88.5
88.4
88.3
88.0
87.9
87.9
87.9
87.8
87.8
87.5
87.3
87.3
87.2
87.1
87.0
86.7
86.4
86.4
86.2
86.1
86.1
85.6
85.6
85.3
85.0
84.9
84.9
84.9
84.9
84.9
84.9
84.9
84.7
84.6
84.6
84.3
84.2
84.2
84.1
84.1
84.0
83.7
83.7
83.6
83.3
83.2
83.2
83.1
82.8
82.6
82.4
82.4
82.1
81.8
81.4
81.2
80.7
80.4
80.2
79.9
79.4
79.3
78.8
78.5
78.4
78.4
78.3
77.8
77.3
76.2
75.4
74.7
74.4
73.4
73.2
73.2
73.0
73.0
71.5
68.6
67.9
67.8
66.1
62.4
60.4
56.8
52.2
51.2
47.5
