98.1
98.1
98.1
98.1
98.1
98.1
98.1
98.1
98.1
98.1
98.1
98.1
98.1
98.1
98.1
98.0
98.0
98.0
98.0
98.0
98.0
98.0
98.0
98.0
98.0
98.0
98.0
98.0
98.0
98.0
98.0
98.0
98.0
97.9
97.9
97.9
97.9
97.9
97.9
97.9
97.9
97.9
97.9
97.9
97.9
97.9
97.9
97.9
97.9
97.9
97.9
97.9
97.9
97.9
97.9
97.9
97.9
97.9
97.9
97.9
97.9
97.9
97.9
97.9
97.9
97.9
97.9
97.9
97.9
97.9
97.9
97.9
97.9
97.9
97.9
97.9
97.9
97.9
97.9
97.9
97.9
97.9
97.9
97.9
97.9
97.9
97.9
97.9
97.9
97.9
97.9
97.9
97.9
97.9
97.9
97.8
97.8
97.8
97.8
97.8
97.8
97.8
97.8
97.8
97.8
97.8
97.8
97.8
97.8
97.8
97.8
97.8
97.8
97.8
97.8
97.8
97.8
97.8
97.8
97.8
97.8
97.8
97.8
97.8
97.8
97.8
97.8
97.8
97.8
97.8
97.8
97.8
97.8
97.8
97.8
97.8
97.8
97.8
97.8
97.8
97.8
97.8
97.7
97.7
97.7
97.7
97.7
97.7
97.7
97.7
97.7
97.7
97.7
97.7
97.7
97.7
97.7
97.7
97.7
97.7
97.7
97.7
97.7
97.7
97.7
97.7
97.6
97.6
97.6
97.6
97.6
97.6
97.6
97.6
97.6
97.6
97.6
97.6
97.6
97.6
97.6
97.6
97.6
97.6
97.6
97.6
97.6
97.6
97.6
97.6
97.6
97.6
97.6
97.6
97.6
97.6
97.6
97.6
97.6
97.6
97.6
97.6
97.6
97.6
97.6
97.6
97.6
97.6
97.6
97.6
97.6
97.6
97.6
97.6
97.6
97.6
97.6
97.6
97.6
97.6
97.6
97.6
97.6
97.6
97.6
97.6
97.5
97.5
97.5
97.5
97.5
97.5
97.5
97.5
97.5
97.5
97.5
97.5
97.5
97.5
97.5
97.5
97.5
97.5
97.5
97.5
97.5
97.5
97.5
97.5
97.5
97.5
97.5
97.5
97.5
97.5
97.5
97.5
97.5
97.5
97.5
97.5
97.5
97.4
97.4
97.4
97.4
97.4
97.4
97.4
97.4
97.4
97.4
97.4
97.4
97.4
97.4
97.4
97.4
97.4
97.4
97.4
97.4
97.4
97.4
97.4
97.4
97.4
97.4
97.4
97.4
97.4
97.4
97.4
97.4
97.4
97.4
97.4
97.4
97.4
97.4
97.4
97.4
97.4
97.4
97.4
97.4
97.4
97.4
97.4
97.4
97.4
97.4
97.4
97.4
97.4
97.4
97.4
97.4
97.4
97.4
97.4
97.4
97.4
97.4
97.4
97.4
97.4
97.4
97.4
97.4
97.4
97.4
97.4
97.4
97.4
97.4
97.4
97.4
97.4
97.4
97.4
97.4
97.4
97.4
97.4
97.4
97.3
97.3
97.3
97.3
97.3
97.3
97.3
97.3
97.3
97.3
97.3
97.3
97.3
97.3
97.3
97.3
97.3
97.3
97.3
97.3
97.3
97.3
97.3
97.3
97.3
97.3
97.3
97.3
97.3
97.3
97.3
97.3
97.3
97.3
97.3
97.3
97.3
97.3
97.3
97.3
97.3
97.3
97.3
97.3
97.3
97.2
97.2
97.2
97.2
97.2
97.2
97.2
97.2
97.2
97.2
97.2
97.2
97.2
97.2
97.2
97.2
97.2
97.2
97.2
97.2
97.2
97.2
97.2
97.2
97.2
97.2
97.2
97.2
97.2
97.2
97.2
97.2
97.2
97.2
97.2
97.2
97.2
97.2
97.2
97.2
97.2
97.2
97.2
97.2
97.2
97.2
97.2
97.2
97.2
97.2
97.2
97.2
97.2
97.2
97.2
97.2
97.1
97.1
97.1
97.1
97.1
97.1
97.1
97.1
97.1
97.1
97.1
97.1
97.1
97.1
97.1
97.1
97.1
97.1
97.1
97.1
97.1
97.1
97.1
97.1
97.1
97.0
97.0
97.0
97.0
97.0
96.9
96.9
96.9
96.9
96.9
96.9
96.9
96.9
96.9
96.9
96.9
96.9
96.9
96.8
96.8
96.8
96.8
96.6
96.6
96.5
96.4
95.8
