90.2
89.9
89.9
89.7
89.7
89.6
89.6
89.6
89.6
89.6
89.5
89.5
89.5
89.4
89.4
89.3
89.3
89.3
89.3
89.2
89.2
89.2
89.2
89.2
89.2
89.2
89.2
89.2
89.2
89.2
89.2
89.1
89.1
89.1
89.1
89.1
89.1
89.1
89.1
89.0
89.0
89.0
89.0
89.0
89.0
89.0
89.0
89.0
89.0
89.0
89.0
89.0
89.0
88.9
88.9
88.9
88.9
88.9
88.9
88.9
88.9
88.9
88.9
88.9
88.9
88.9
88.9
88.9
88.9
88.9
88.9
88.9
88.9
88.9
88.9
88.9
88.8
88.8
88.8
88.8
88.8
88.8
88.8
88.8
88.8
88.8
88.8
88.8
88.8
88.7
88.7
88.7
88.7
88.7
88.7
88.7
88.7
88.7
88.6
88.6
88.6
88.6
88.6
88.6
88.6
88.6
88.6
88.6
88.6
88.6
88.6
88.6
88.6
88.6
88.6
88.6
88.6
88.6
88.5
88.5
88.5
88.5
88.5
88.5
88.5
88.5
88.5
88.5
88.5
88.5
88.4
88.4
88.4
88.4
88.4
88.4
88.4
88.4
88.4
88.4
88.4
88.4
88.4
88.3
88.3
88.3
88.3
88.3
88.3
88.3
88.3
88.2
88.2
88.2
88.2
88.1
88.1
88.1
88.1
88.1
88.1
88.1
88.1
88.1
88.1
88.1
88.0
88.0
88.0
88.0
88.0
87.9
87.9
87.9
87.9
87.8
87.8
87.8
87.8
87.8
87.8
87.8
87.8
87.8
87.8
87.8
87.8
87.7
87.7
87.7
87.7
87.6
87.6
87.6
87.6
87.5
87.5
87.5
87.5
87.5
87.4
87.4
87.4
87.4
87.4
87.4
87.4
87.3
87.3
87.3
87.2
87.2
87.2
87.2
87.2
87.2
87.2
87.2
87.2
87.2
87.2
87.1
87.1
87.1
87.1
87.0
87.0
87.0
87.0
86.9
86.9
86.9
86.9
86.9
86.9
86.8
86.8
86.8
86.8
86.8
86.8
86.8
86.8
86.7
86.7
86.7
86.7
86.6
86.6
86.6
86.6
86.6
86.6
86.4
86.4
86.4
86.4
86.4
86.4
86.4
86.3
86.3
86.2
86.2
86.2
86.2
86.2
86.1
86.1
86.1
86.1
86.1
86.1
86.1
86.1
86.1
86.0
86.0
86.0
85.9
85.9
85.9
85.9
85.9
85.9
85.8
85.8
85.8
85.8
85.8
85.8
85.8
85.8
85.8
85.7
85.7
85.7
85.6
85.6
85.6
85.6
85.6
85.5
85.5
85.5
85.4
85.4
85.4
85.4
85.3
85.3
85.2
85.2
85.0
84.9
84.9
84.9
84.9
84.9
84.8
84.8
84.8
84.8
84.8
84.7
84.7
84.6
84.6
84.5
84.5
84.4
84.4
84.4
84.2
84.2
84.1
84.1
84.1
84.1
84.1
84.1
84.0
84.0
84.0
83.9
83.9
83.9
83.9
83.9
83.6
83.6
83.5
83.5
83.4
83.4
83.4
83.3
83.2
83.2
83.2
83.1
83.1
83.0
82.9
82.8
82.8
82.6
82.6
82.5
82.5
82.4
82.3
82.3
82.3
82.3
82.3
82.3
82.2
82.2
82.2
82.2
82.1
82.0
82.0
82.0
81.9
81.8
81.8
81.4
81.4
81.4
81.4
81.2
81.2
81.1
81.1
81.1
81.0
80.9
80.9
80.8
80.5
80.4
80.3
80.2
80.2
80.1
80.0
79.7
79.6
79.4
79.3
79.2
78.8
78.6
78.6
78.6
78.4
78.3
78.1
78.0
77.9
77.9
77.9
77.5
77.5
77.2
77.1
77.0
76.9
76.8
76.8
76.1
75.9
75.8
75.7
75.6
75.6
75.4
75.4
75.2
74.3
73.6
73.6
73.5
73.1
72.6
72.5
72.2
71.8
71.0
70.8
70.6
70.4
70.3
70.1
69.6
69.3
69.0
68.4
68.0
67.8
67.2
66.7
66.5
66.1
66.0
64.9
64.6
64.4
64.3
64.2
64.1
64.1
62.3
62.0
61.9
60.3
60.1
58.1
57.9
57.3
55.2
54.8
54.4
53.5
52.5
51.6
51.1
50.9
50.7
49.6
48.7
48.5
48.4
46.6
41.9
40.8
40.0
38.7
