87.70513458637413
87.9384404753695
87.30106858411538
86.7461405407544
87.51029168181476
87.48296394469062
88.09417458903822
87.05146939823496
86.62621356967676
87.51231301981898
88.21464040534171
88.00875611542612
87.97993853409845
87.79239271719467
88.26142413327658
88.13718191299964
86.44404267722778
87.96404993858063
87.77386244907478
86.98458533787037
87.18076696721428
86.46425512072484
88.0645248297962
87.84933169985102
88.29399165860363
87.1120669416427
87.90850870183799
86.85155478092824
87.64575429070796
86.9485206571596
86.77743228689425
87.0916703763877
88.01563599674584
87.64190729796114
88.0946077356697
87.15265006869454
87.26635339489454
88.2529220328956
87.0895245280328
87.4893731055011
87.79526099214588
88.04269511248286
86.74808261044507
86.96342541519827
87.49849064143442
86.81686408450285
87.59905108964988
87.12200364081201
88.14356909548567
86.89824191493918
88.14891040608757
86.35679647664824
87.60759259133482
86.1124780313101
87.8175681197454
87.88596403516301
88.00302364298854
88.13812896253518
88.21453605267295
87.51600720119926
86.38209772546789
88.49499336547846
88.43688992321668
86.9451061131051
87.69663180513146
88.06015903056145
87.39348204905902
88.04537101022089
87.0077614260241
86.9810608910864
87.77106856807077
86.85222271928605
88.13868641900949
88.02146825340128
86.47397243964298
87.67842286155671
86.6185379368772
87.48142753928224
87.6696261408696
86.60238919277495
88.28328730783227
87.3147150388463
87.94355441259103
87.7631100248328
88.07162259626237
88.01268143755995
87.49762874889228
87.29886296102407
86.59975600173496
88.21481120186334
87.23239173526805
87.76294621268173
88.28544487092388
87.14674827901948
87.57727821359471
87.82980360728953
87.36359365862353
87.86399715824125
87.02349409527082
87.53354843431688
88.35303075711457
88.12871643508342
88.01627979082913
87.84594251742361
87.77797876843808
88.20301595698922
87.54633047281342
87.12837150927811
87.87799871053647
87.23121286954941
86.82436959311401
87.60000199947862
87.45508014338424
87.32888436842055
86.35773606551443
87.25333971288603
86.55519421592939
87.38673709686626
87.13554635868391
87.49481875809377
87.52794935447552
86.61044049250236
86.66893847573739
87.52810280783254
87.70685157003226
86.08603132736931
87.10547625145095
87.87890221791884
87.51837788139443
87.53596778657565
86.86577833348558
88.49899021817426
86.76558843808353
86.59906423506865
86.46212636968907
87.24141584564619
87.44091293010864
87.07814726431324
88.30176595108898
87.01333709516737
87.72687198152079
86.81369714948663
87.4749095246562
86.25760040994022
88.08913325846757
88.13037458918586
87.77603597140555
87.03948939685061
87.60474942779942
88.31221854280975
86.78302196817418
87.64004961325398
87.83843237578594
88.10404039412379
87.10597061620305
86.66852576812637
86.92819122816556
86.98093528515281
87.20636874482261
87.96640587210966
86.89434714764172
87.36991101440755
87.4252126584531
87.19386541834773
88.05288888601879
86.19507767399548
86.52480348830672
87.07903005942762
87.50281697786227
88.25441920476798
87.41328613073777
86.80537902464812
87.55750674452403
87.87562264046808
86.54562756811634
87.46268603114036
88.4305994510596
87.36089744951933
88.18408325935575
87.89905289759089
87.31927072228562
87.73036837059362
86.31311928187768
87.2441762945736
88.2125426557785
87.10775650974787
86.92711147046352
87.83434615289619
87.90783141867527
87.61457446783385
87.10818361166467
87.61435389612366
87.22355155634854
87.48287559350722
86.61390690638571
88.28694244902758
87.81796823575507
88.16164088086919
87.48619946674162
86.93069181732025
88.1866171309751
86.44435855895533
86.64863727748907
87.45137891634741
87.57182109710992
88.1871274695782
88.087394138745
88.24977750430446
88.00862906654194
87.31688214148764
87.02485291521023
87.20321614013626
87.0017467579749
88.14465539227982
86.80492582825796
86.85383164463373
87.9794273801802
86.62689567322424
86.39171606512735
88.08056914403967
86.39900891942301
86.77176982019098
88.49609618259358
87.99843085330797
87.93353393908237
87.41502572801309
86.7590612315421
87.51933366569956
88.27413394022494
87.36903052811013
88.45385730438794
87.20212949055853
87.31214804724858
87.02872733020524
88.39229232606007
87.79491444334151
87.16408937396027
86.39132176918541
87.06942107013947
88.27047893548675
87.05055910454844
87.59079816102128
88.18068509306877
87.24263792305516
88.17545343630047
88.01362963441058
86.77834873383664
87.48891488709776
86.97865042219097
87.66650968881572
88.14326683434206
88.87702730162792
87.62875903481935
87.17895976706684
86.86774098298177
87.7128020882284
87.41824214408817
87.69884791297727
86.80063363934694
87.64553128437733
88.03364988495389
87.15104498986189
86.11980700943842
87.98956223056753
86.04159132855007
88.01928782004175
87.06087617939787
88.33787010132946
86.85229102887418
87.29885748231753
87.78774082573051
87.41392600183198
86.20001881617829
87.59507552303141
87.69742393447949
87.8828787308939
88.21385084370193
88.2883532960871
88.1550494069048
88.18837379556003
86.4825966181357
88.06292323740877
88.05560250939462
86.98690367752647
88.26364292865746
87.44425302203028
88.20523254757829
87.99183824695736
86.22010642084784
86.88832941516249
86.77537322358083
87.38012203988325
87.85813736219866
88.02774184040844
87.36122880478952
87.12415216245017
86.9379649979055
87.57980510903027
87.13377628168996
86.57940103115229
87.18021022315719
87.84675467333817
87.9826252038964
87.13529130013163
87.4489668225032
86.0668139409427
86.7893343062074
87.7822307843998
87.7004695980411
88.17782567369073
87.9945047138556
88.32876298475712
88.40788964148179
87.79799465875037
88.11700156700167
87.7744909248763
87.0404782245282
86.92676389854208
88.41738067492318
88.5449883505431
88.01853227170413
87.62659852873823
86.80214620973187
87.64591005978006
87.0585263314571
87.18370994283666
87.82261734850303
87.41956449899777
86.8989653000758
86.92571521226874
86.57855632114384
86.96687227294629
87.7485049689989
88.12548112462892
87.3700351750164
86.92851584638349
88.12361951793012
87.66466051176575
87.13536291865007
87.01257766004565
87.34799358838092
88.01217925065083
87.32033624265885
86.70247896938834
87.48233113801786
87.50888529026686
86.70970679552211
87.50058922940362
87.80705435434584
87.83792959703824
87.00867671573093
88.03974663736797
89.23021976958573
88.22485227797084
87.77024766838719
86.98003516665665
86.92861846492994
87.21412077898268
86.93203413662813
87.97297748511411
88.77579760117963
87.03795023269603
87.11309430380818
87.08029582046248
87.67488868084543
87.48961526721963
87.45921613788998
88.26950703922476
87.16133301914883
87.45887752230354
87.99127496930521
87.84947007858439
87.39363759870874
87.59392251972437
87.23078555198865
87.85327832098982
88.0594894853381
86.98795570996602
87.53408133321774
87.2153486804285
87.4537219232147
87.60693487460239
86.87167625961922
88.03165913137661
87.82746198159619
86.73426855739523
88.35762111873069
87.7225346979582
87.9014338972155
87.3367541404899
87.55936245917647
88.1699241999611
87.69271715634916
87.64920527130285
87.63459335626922
87.33737799820453
87.95549329374425
87.26588113029509
87.19985325860152
87.15533252308306
88.04900306156135
88.28762849292436
88.3504865831672
87.92804138928223
87.78584865801595
86.48145026515029
87.45336555513215
88.3156551098435
87.04874780043872
86.95022759443737
87.77714382775261
87.98300301754922
86.59298552899656
87.42322946586
88.3830259853225
88.05511678256077
87.57224607375451
86.83555867796001
88.3034417934254
87.64771279997916
87.52323007646554
86.6483078154704
88.11219118782108
87.30197234345607
87.50369322137566
87.49850608745305
86.8077419788919
86.84433271209708
86.94628251316634
87.90795973205647
87.50700750440262
87.70418880123286
86.59887708055253
87.9606718137871
86.00599469133334
87.46704008589725
87.566462228205
86.38682689720338
87.07297989162726
87.54784663938932
86.61739936411279
87.92654033091817
87.2476446768432
88.30204029518998
87.69360615236401
86.32758212493835
87.48308511528417
86.7991098854433
87.41642339260312
87.21676300210649
87.53916073261517
87.5239060873698
86.37722081272764
87.90742020065642
86.5314627456808
87.07039824718997
86.64225035470793
88.06164871323539
86.79463510662427
87.41249100921716
87.87075225470197
87.24351436222209
87.83939403504544
87.57600095812664
87.38626800858924
87.9778096346576
87.45688708781931
87.75930331581614
87.70180950769844
87.24080565369097
88.1961433394093
87.55375495248245
86.78667262955626
89.29057676628868
87.39235177555159
87.23822887099685
87.97321885508711
88.20936707617186
86.94460884612906
86.98341363474049
87.92320243209787
87.60368148745245
88.3780533340023
88.4753369006573
88.0577202524335
87.37106703459133
87.94388649773845
88.06547979339923
87.1015843033094
87.1497272037172
87.23558183089999
87.88753666677485
87.71511948797324
87.95324433941569
86.89529393842565
87.95905656767607
87.27856933427614
86.80057655517665
87.20732088697208
87.74516608382325
