90.0
90.0
90.0
89.8
89.8
89.7
89.7
89.7
89.5
89.5
89.5
89.5
89.4
89.4
89.3
89.3
89.3
89.3
89.3
89.2
89.2
89.2
89.2
89.1
89.1
89.1
89.1
89.0
89.0
89.0
89.0
88.9
88.9
88.9
88.9
88.9
88.9
88.9
88.9
88.9
88.9
88.8
88.8
88.8
88.8
88.8
88.8
88.8
88.8
88.8
88.8
88.8
88.7
88.7
88.7
88.7
88.7
88.7
88.6
88.6
88.6
88.6
88.6
88.6
88.6
88.6
88.6
88.6
88.6
88.6
88.6
88.6
88.6
88.6
88.6
88.6
88.5
88.5
88.5
88.5
88.5
88.5
88.5
88.5
88.5
88.5
88.5
88.5
88.5
88.4
88.4
88.4
88.4
88.4
88.4
88.4
88.4
88.4
88.4
88.4
88.4
88.4
88.4
88.4
88.4
88.4
88.4
88.4
88.4
88.4
88.4
88.4
88.4
88.3
88.3
88.3
88.3
88.3
88.3
88.3
88.3
88.2
88.2
88.2
88.2
88.2
88.2
88.2
88.2
88.2
88.2
88.2
88.2
88.2
88.2
88.2
88.2
88.2
88.2
88.2
88.2
88.2
88.1
88.1
88.1
88.1
88.1
88.1
88.1
88.1
88.1
88.1
88.1
88.1
88.1
88.1
88.1
88.1
88.1
88.1
88.1
88.1
88.1
88.1
88.1
88.1
88.0
88.0
88.0
88.0
88.0
88.0
88.0
88.0
88.0
88.0
87.9
87.9
87.9
87.9
87.9
87.9
87.9
87.9
87.9
87.9
87.9
87.9
87.9
87.9
87.9
87.9
87.9
87.9
87.9
87.9
87.9
87.9
87.9
87.9
87.9
87.9
87.9
87.8
87.8
87.8
87.8
87.8
87.8
87.8
87.8
87.8
87.8
87.8
87.8
87.8
87.8
87.8
87.8
87.8
87.8
87.8
87.8
87.8
87.8
87.8
87.8
87.8
87.7
87.7
87.7
87.7
87.7
87.7
87.7
87.7
87.7
87.7
87.7
87.7
87.7
87.7
87.6
87.6
87.6
87.6
87.6
87.6
87.6
87.6
87.6
87.6
87.6
87.6
87.6
87.6
87.6
87.6
87.5
87.5
87.5
87.5
87.5
87.5
87.5
87.5
87.5
87.5
87.5
87.5
87.5
87.5
87.5
87.4
87.4
87.4
87.4
87.4
87.4
87.4
87.4
87.4
87.4
87.4
87.4
87.4
87.4
87.4
87.4
87.4
87.4
87.4
87.4
87.4
87.4
87.4
87.4
87.4
87.3
87.3
87.3
87.3
87.3
87.3
87.3
87.3
87.3
87.3
87.3
87.3
87.3
87.3
87.3
87.3
87.2
87.2
87.2
87.2
87.2
87.2
87.2
87.2
87.2
87.2
87.2
87.2
87.2
87.2
87.2
87.2
87.2
87.2
87.2
87.2
87.2
87.2
87.2
87.2
87.2
87.2
87.2
87.2
87.2
87.1
87.1
87.1
87.1
87.1
87.1
87.1
87.1
87.1
87.1
87.1
87.1
87.1
87.1
87.1
87.1
87.1
87.1
87.1
87.1
87.1
87.1
87.1
87.1
87.1
87.1
87.1
87.0
87.0
87.0
87.0
87.0
87.0
87.0
87.0
87.0
87.0
87.0
87.0
87.0
87.0
87.0
87.0
87.0
87.0
87.0
87.0
87.0
86.9
86.9
86.9
86.9
86.9
86.9
86.9
86.9
86.9
86.9
86.9
86.9
86.9
86.9
86.9
86.9
86.9
86.9
86.9
86.9
86.9
86.9
86.9
86.9
86.9
86.9
86.8
86.8
86.8
86.8
86.8
86.8
86.8
86.8
86.8
86.8
86.8
86.8
86.8
86.8
86.8
86.8
86.8
86.7
86.7
86.7
86.7
86.7
86.7
86.7
86.7
86.7
86.7
86.7
86.6
86.6
86.6
86.6
86.6
86.6
86.6
86.6
86.6
86.6
86.6
86.6
86.6
86.6
86.6
86.6
86.6
86.6
86.6
86.6
86.6
86.5
86.5
86.5
86.5
86.5
86.4
86.4
86.4
86.4
86.4
86.4
86.4
86.4
86.4
86.4
86.4
86.4
86.4
86.3
86.3
86.3
86.3
86.3
86.2
86.2
86.2
86.2
86.1
86.1
86.1
86.1
86.0
85.9
85.8
