86.97013101962679
84.45966626069757
86.54495725654175
83.16428299252632
87.58778854979494
86.1455428997047
86.69401887138129
86.75001900984641
85.1498610196646
84.40594962670473
86.50115045001293
83.85726709186204
86.67230781119662
85.49352401549146
83.57235132261407
84.81623229604968
83.02135448036923
84.04062089837949
85.8339737409619
86.02976330241746
86.6686107501712
84.6801928392511
86.57579213979007
85.06411739175351
87.10168045366618
85.63945761302301
84.37364882573385
83.92433170118409
85.33979781979625
84.4033907069364
87.25352073602502
86.89976100365362
86.51975215218624
87.05270565451931
86.04431537090802
86.53197259146307
87.26641259740171
82.54621442200892
85.72751146025433
85.28204977628918
85.55617485002068
83.63085334809607
83.94964334030323
83.90191725448611
86.24375503112319
86.79148221430525
87.24059506272191
84.13095509151854
83.90817526431911
84.99130371804058
85.98917686014049
82.95170867764953
87.38210615097587
84.59981334485875
84.8255654329493
85.88426101879135
86.5918623828076
86.69198725288874
83.44536343707729
88.16698788822234
85.78556542637347
83.63348094581168
85.72400497917995
86.94740340349898
83.07290986626477
86.29777891538511
86.52485214939374
85.06222359776842
84.22955569778664
87.36254014522456
86.49683399544405
86.17238692666382
84.31694076851386
86.14514284000329
86.47269751315446
83.68222628731056
84.08333277408693
87.79474692718185
86.04547627221937
84.9087533698836
85.49574864714185
83.10225302877352
87.2434635517745
84.98404635502187
86.46950906456871
86.67120792146008
87.59721743161674
87.87177392043647
84.21554742029394
85.89575203160632
85.81144789952444
87.51968201880696
84.1710734394251
86.74391109089653
83.83527207730738
87.23311698842875
88.29522249492489
85.90545154512027
84.87481394172691
87.33542674091002
85.89431343251205
85.91289885438802
86.60271584105237
86.43121201516256
83.96432138999634
86.13594657165613
86.73562866942945
86.95964426549072
84.82747239237818
87.49623600274353
83.82378579834982
83.88047301895918
87.40901347417308
86.79380898874726
87.16390357072865
87.8381316804039
84.39539972202539
87.24362469621522
86.659924757577
87.03836135078683
83.84747277457406
85.81734385021166
84.34155848187532
85.0477168908155
86.25103621105157
83.51699268904225
86.62843299210908
84.3199519494406
84.26454416494242
84.57448638928811
86.5955658320418
83.32200388946018
87.46793769978758
85.49656045765173
87.54767053521137
84.34218674370457
86.46565112341622
86.67907183925905
86.29586816438035
84.00876827611803
84.02646796099758
84.12279184693963
84.13705673034072
83.41280917550121
86.41475477750424
86.68189304529201
86.90209709272169
86.61454654434633
86.63129632211486
86.56400163867377
87.37677939648516
87.16932344988378
83.86574924033796
84.70064834423624
86.15747471526903
86.8923516035642
85.23446404601233
86.41779638666594
85.95860502252141
84.19170301271105
82.98841055111419
87.08142809427265
83.801802534724
85.8857447979762
86.08233359701055
83.02999990099755
84.86851876497526
84.38013869155124
86.92078610487546
86.6344617005649
86.83097760040015
83.26854780171368
85.21957681224843
82.88981528978218
84.25187406715382
83.03775141382587
86.59695158342437
86.68099707068697
85.65294741010092
85.66705538391338
85.0771282455377
87.71473201356262
83.42185327300196
83.13108480907638
85.9128263384352
83.52445914343845
85.93861763880149
83.78524901648174
85.3001256452967
84.1161449390161
83.82454987321987
83.5317743453999
84.94746545484966
83.52314982053156
85.04050033174099
84.35178780609483
86.27707564206224
84.14851931239672
87.67566250132539
86.88230361497098
85.44501744882854
84.30730286617195
86.5146208655695
83.69142255940017
84.07941738439123
84.91297182537852
85.06476232954269
84.57689178238336
86.94636231623402
87.54556035011312
85.74197817767732
87.37950711459833
86.42259836249916
87.19472034052788
84.6338179506898
83.43183913580204
84.3636664136776
86.09395900243976
84.32013093914895
86.218728205549
84.82805861839856
87.2731339767499
83.3387979729156
84.7791297873305
86.5521883127509
86.91354485801031
86.4770776421781
87.1444573016724
85.78824024878854
87.81911299411249
84.30645712029863
87.64614710757095
83.96801795064076
83.7167165043086
86.49453690157465
85.58435219148178
87.34809376797034
83.66760525660007
84.92523692156705
85.91277286142281
86.5789870169496
87.09975655655256
86.6620994139045
87.37319715498066
85.7512298128363
83.62998023070443
86.59980333768144
87.03887731433879
84.55256169229898
87.791973372744
86.41635264629551
83.57017009139068
82.93829355491656
86.24056028055661
84.21532407284974
84.29982685400854
88.25948443922708
83.55781245390367
86.149317964306
83.1872844684378
86.4727561338252
86.28121260363406
84.22794920819666
83.943753816747
84.29681149225263
83.65400644283254
87.22851854607511
84.75274290368418
86.3227429219931
85.48528855852511
86.36520576413842
86.2320691989878
84.35894548044548
84.84600194887294
83.95849932823978
86.3030772450615
86.7800131808435
86.57828665468125
84.34706874650917
81.75648286240514
85.28235390286231
85.85046329066354
85.43259232777086
86.48886817420896
84.4279528954701
85.51592556865606
84.17401538728083
83.84342050474085
86.95523291510229
87.57189693338563
86.49870859659019
87.66761131805154
86.50171779272472
86.87850041793969
86.87885496858515
87.91219316572752
86.40340787979183
83.71023772783272
86.52871924783517
86.16376829353419
86.79676485237246
83.3015417865593
84.18541682586905
87.16414784581727
87.74874211434049
82.38490048619926
83.66771722266648
84.56502328235901
88.44433707875484
86.81585754711925
87.03677679282725
86.18095104769229
87.05147015820965
86.23596189328802
86.16387929974023
88.30334779909991
86.83895543676203
87.18754438996417
84.72179456961345
84.73925585385327
87.1836879160513
83.59796478730566
86.87748786018452
85.17703215710911
86.8356740030415
87.55187611166652
84.49639812393373
84.26679796010166
86.2969476734702
86.70136789816235
84.58172602125804
87.339413136175
84.48661855055778
86.09770783899243
87.45880864211779
86.54810721644503
84.81847548250121
87.12940572431643
85.56877231351413
87.13480353188173
87.16255933509714
86.80328093279259
85.8972666384958
85.63054160233537
83.65547877622136
83.60571968320704
85.79506423724072
84.58225745398373
87.27643034543182
87.64111607945772
86.54468855902971
83.54529972909866
84.5956942463356
84.21752119968079
86.91214596925893
86.86206041350832
87.03597334455232
87.2615059100096
86.60092429695477
83.23265077832235
83.82431181176887
86.71789873234981
87.39929903214482
86.54754619061414
84.14526395167537
87.80619387746124
86.6708500636093
85.84867172885181
87.36867572331701
85.79208448850417
85.53802452533543
85.55176093880809
88.22963720016604
83.50407442301477
86.3493030028877
85.3303426557009
84.81126614483523
83.4085353898464
84.07888798538754
87.08191164593983
86.79318028412567
85.19593708461159
84.37586939104558
85.64237956957372
85.6356486968865
86.81159831027384
87.03145636407275
86.77986518188466
86.54493683977282
87.01250896299946
88.02535159034463
86.44072276619993
84.68526471962748
84.50275927023031
87.72154728151057
87.35640119146221
83.04301746340438
86.60162876653685
86.75588273052374
86.578938382061
83.34400255772375
86.47990441059804
84.27176573777416
85.00007943892449
83.5127898302101
83.36299114751438
84.73291440756476
86.62747497277195
83.70914546356684
84.24407449049414
83.72835158279935
86.92183426453322
86.63936404293146
86.53065883705769
84.50809522028504
86.41757440128882
83.6128358183412
85.60091072547844
86.05627263315236
86.85655193399441
84.27138676512382
86.89218267871951
83.96223619923214
87.75732723298273
87.45012390108505
86.48463315439669
86.37537147109046
86.677937451848
86.21732068181619
85.11367417791344
86.48044000543162
83.66492909221971
85.8787712015369
86.70234197669808
85.22480897111444
86.10551515593151
84.43376682850962
85.12119064292052
85.23090660119561
87.8709215604855
87.00614270185739
86.46166998009446
82.71846714180225
86.62834344853731
84.76728548525709
84.92314821567015
87.62922746536206
86.66789809220134
87.9841022634547
86.38108270224033
84.00708457580578
84.25891043916629
84.34431775600729
86.5078857762386
84.03027313652831
86.78922565109724
86.44833637990486
84.44114698518544
87.06407142533524
86.51218403003813
85.65281777317786
86.89187971495774
84.86444990130441
83.3202612174501
84.44393901941758
86.1177287944897
86.18411434390634
84.45284918302904
87.47404793930257
87.18232559622162
84.60986401498863
84.81472129854575
86.70135870240155
84.73461774548223
87.7119378529715
83.0925449732362
84.5468611264727
86.79179385941777
84.02785393605456
87.19135974923675
86.06223473451894
87.13793016800722
84.70043050062404
83.99912623525357
84.30222407377116
83.94562396532555
86.83518314327718
86.70898322971502
87.40675790826609
83.54041150954909
83.93533355035099
84.84578256144057
83.5356051354329
86.59732891539804
87.4829899247078
86.10695683377676
86.27146701525292
83.69185575503569
86.64969029173443
87.2880545878397
