85.2
84.2
84.1
84.0
83.6
83.6
83.5
83.4
83.3
83.3
83.3
83.2
83.1
83.1
83.1
82.9
82.9
82.9
82.9
82.8
82.8
82.8
82.8
82.7
82.7
82.6
82.6
82.6
82.6
82.6
82.5
82.4
82.4
82.4
82.4
82.4
82.3
82.3
82.3
82.3
82.3
82.2
82.2
82.2
82.2
82.2
82.1
82.1
82.1
82.1
82.0
81.9
81.9
81.8
81.8
81.8
81.8
81.8
81.8
81.8
81.7
81.7
81.7
81.7
81.6
81.6
81.5
81.5
81.5
81.5
81.4
81.3
81.3
81.2
81.2
81.1
81.1
81.1
81.0
81.0
80.6
80.6
80.5
80.1
80.0
79.9
79.8
79.6
79.3
79.2
79.1
79.1
79.1
79.1
78.8
78.3
78.0
78.0
77.4
77.1
76.1
72.6
72.4
71.4
71.0
70.5
69.6
69.1
68.4
68.0
66.2
65.3
65.3
65.1
64.9
64.9
64.4
62.5
62.0
61.8
61.7
61.3
60.4
60.2
60.2
59.7
59.5
58.9
58.7
58.2
57.9
57.7
57.7
57.6
57.1
56.6
56.1
55.5
55.2
54.8
54.4
54.2
53.7
53.3
52.6
52.2
51.8
51.8
51.7
51.3
51.0
50.7
50.6
50.6
50.6
50.2
49.6
49.4
49.0
49.0
48.9
48.8
48.6
48.3
48.2
48.1
48.0
47.8
47.7
47.4
47.4
47.2
47.1
47.1
47.1
47.0
46.8
46.6
46.5
45.9
45.9
45.9
45.8
45.8
45.7
45.6
45.5
45.4
45.3
45.1
45.1
45.1
44.8
44.3
44.1
43.9
43.7
43.6
43.6
43.6
43.6
43.3
43.3
43.3
43.3
43.0
42.9
42.9
42.9
42.8
42.6
42.3
42.2
42.1
41.8
41.8
41.8
41.7
41.5
41.4
41.2
41.2
41.0
41.0
40.9
40.8
40.6
40.2
40.2
40.2
40.0
39.7
39.5
39.4
39.3
39.2
38.9
38.8
38.5
38.3
38.3
38.3
38.3
38.2
38.2
37.9
37.8
37.8
37.8
37.6
37.4
37.4
37.2
37.0
36.7
36.5
36.3
36.2
36.2
36.1
36.1
36.0
36.0
35.5
35.4
35.2
35.2
35.1
35.1
35.1
35.0
35.0
34.9
34.9
34.7
34.7
34.6
34.4
34.4
34.3
34.2
34.2
34.1
34.1
34.0
34.0
33.9
33.8
33.6
33.5
33.3
33.3
33.2
33.2
33.1
33.0
33.0
32.8
32.7
32.6
32.6
32.5
32.4
32.1
32.0
32.0
31.9
31.9
31.9
31.4
31.4
31.3
31.2
31.2
31.1
31.0
30.9
30.9
30.9
30.8
30.6
30.6
30.6
30.5
30.4
30.4
30.3
30.3
30.2
30.1
30.1
30.0
29.9
29.9
29.8
29.8
29.7
29.6
29.5
29.5
29.4
29.4
29.3
29.3
29.3
29.2
29.2
29.2
29.2
29.2
29.1
29.0
29.0
29.0
28.9
28.9
28.9
28.8
28.8
28.8
28.8
28.8
28.8
28.8
28.7
28.7
28.7
28.7
28.7
28.7
28.7
28.6
28.5
28.5
28.5
28.5
28.4
28.4
28.4
28.4
28.3
28.3
28.3
28.3
28.2
28.2
28.2
28.1
28.1
28.0
28.0
27.9
27.9
27.9
27.9
27.8
27.8
27.8
27.7
27.7
27.6
27.6
27.5
27.5
27.4
27.3
27.3
27.3
27.2
27.2
27.1
27.0
26.9
26.8
26.8
26.7
26.6
26.5
26.5
26.4
26.4
26.4
26.4
26.3
26.3
26.2
26.2
26.2
26.1
26.1
26.0
25.9
25.9
25.9
25.9
25.9
25.8
25.8
25.8
25.7
25.7
25.7
25.6
25.5
25.5
25.5
25.5
25.5
25.5
25.5
25.5
25.4
25.4
25.4
25.4
25.4
25.3
25.3
25.3
25.2
25.2
25.2
25.2
25.2
25.1
25.1
25.1
25.1
25.0
25.0
24.9
24.9
24.9
24.9
24.8
24.8
24.8
24.8
24.8
24.8
24.7
24.7
24.7
24.7
24.7
24.6
24.6
24.6
24.5
24.5
24.4
24.0
24.0
24.0
23.9
23.8
23.8
23.7
23.5
23.4
