86.5
86.4
86.3
86.3
86.2
86.2
86.1
86.1
86.1
86.1
86.1
86.1
85.9
85.9
85.9
85.9
85.8
85.8
85.8
85.8
85.8
85.8
85.8
85.8
85.8
85.8
85.7
85.7
85.7
85.7
85.7
85.6
85.6
85.6
85.6
85.6
85.6
85.6
85.6
85.6
85.6
85.6
85.6
85.6
85.6
85.6
85.6
85.5
85.5
85.5
85.5
85.5
85.5
85.5
85.5
85.5
85.5
85.5
85.5
85.4
85.4
85.4
85.4
85.4
85.4
85.4
85.4
85.4
85.4
85.4
85.4
85.4
85.4
85.4
85.4
85.4
85.4
85.4
85.4
85.3
85.3
85.3
85.3
85.3
85.3
85.3
85.3
85.2
85.2
85.2
85.2
85.2
85.2
85.2
85.2
85.2
85.2
85.2
85.2
85.2
85.2
85.2
85.2
85.2
85.2
85.2
85.2
85.2
85.2
85.2
85.2
85.2
85.2
85.2
85.2
85.2
85.2
85.1
85.1
85.1
85.1
85.1
85.1
85.1
85.1
85.1
85.1
85.1
85.1
85.1
85.1
85.1
85.1
85.1
85.0
85.0
85.0
85.0
85.0
85.0
85.0
85.0
85.0
85.0
84.9
84.9
84.9
84.9
84.9
84.9
84.9
84.9
84.9
84.9
84.9
84.9
84.9
84.9
84.9
84.9
84.9
84.9
84.9
84.9
84.9
84.9
84.9
84.9
84.9
84.8
84.8
84.8
84.8
84.8
84.8
84.8
84.8
84.8
84.8
84.8
84.8
84.8
84.8
84.8
84.8
84.8
84.8
84.8
84.8
84.8
84.7
84.7
84.7
84.7
84.7
84.7
84.6
84.6
84.6
84.6
84.6
84.6
84.6
84.6
84.6
84.6
84.6
84.6
84.6
84.6
84.6
84.6
84.6
84.6
84.6
84.6
84.5
84.5
84.5
84.5
84.5
84.5
84.4
84.4
84.4
84.4
84.4
84.4
84.4
84.4
84.4
84.4
84.4
84.4
84.4
84.4
84.4
84.4
84.4
84.4
84.4
84.4
84.3
84.3
84.3
84.3
84.3
84.3
84.3
84.2
84.2
84.2
84.2
84.2
84.2
84.2
84.2
84.2
84.2
84.2
84.2
84.2
84.2
84.1
84.1
84.1
84.1
84.1
84.1
84.1
84.1
84.0
84.0
84.0
84.0
83.9
83.9
83.9
83.9
83.9
83.9
83.9
83.8
83.8
83.8
83.8
83.8
83.7
83.7
83.7
83.7
83.6
83.6
83.6
83.6
83.6
83.6
83.6
83.5
83.4
83.4
83.4
83.4
83.4
83.4
83.4
83.4
83.4
83.4
83.4
83.3
83.3
83.3
83.3
83.3
83.3
83.3
83.3
83.3
83.2
83.2
83.2
83.1
83.1
83.1
83.1
83.1
83.1
83.1
83.1
83.1
83.1
83.1
83.1
83.0
83.0
83.0
83.0
83.0
83.0
83.0
82.9
82.9
82.9
82.9
82.9
82.9
82.9
82.9
82.9
82.9
82.9
82.9
82.8
82.8
82.8
82.8
82.8
82.8
82.8
82.7
82.7
82.7
82.7
82.7
82.7
82.7
82.7
82.6
82.6
82.6
82.6
82.6
82.6
82.6
82.6
82.6
82.6
82.6
82.6
82.6
82.6
82.6
82.6
82.5
82.5
82.5
82.5
82.5
82.5
82.5
82.5
82.5
82.4
82.4
82.4
82.4
82.4
82.4
82.4
82.4
82.4
82.4
82.4
82.4
82.4
82.3
82.3
82.3
82.3
82.3
82.3
82.3
82.3
82.2
82.2
82.2
82.2
82.2
82.2
82.2
82.2
82.2
82.2
82.2
82.1
82.1
82.1
82.1
82.1
82.1
82.0
82.0
82.0
82.0
81.9
81.9
81.9
81.9
81.9
81.9
81.9
81.9
81.9
81.8
81.8
81.8
81.8
81.8
81.8
81.8
81.8
81.8
81.8
81.7
81.7
81.7
81.7
81.7
81.7
81.6
81.6
81.6
81.6
81.6
81.6
81.6
81.6
81.6
81.6
81.5
81.5
81.4
81.4
81.4
81.4
81.4
81.3
81.2
81.2
81.2
81.2
81.2
81.2
81.2
81.2
81.2
81.1
81.1
81.1
81.1
81.0
80.9
80.9
80.8
80.7
80.6
79.8
79.8
79.6
