92.2
92.2
92.2
92.1
92.1
92.1
92.1
92.1
92.1
92.1
92.0
92.0
92.0
92.0
92.0
92.0
92.0
92.0
92.0
92.0
92.0
92.0
92.0
92.0
92.0
92.0
92.0
92.0
91.9
91.9
91.9
91.9
91.9
91.9
91.9
91.9
91.9
91.9
91.9
91.9
91.9
91.9
91.9
91.9
91.9
91.9
91.9
91.9
91.9
91.9
91.9
91.9
91.9
91.9
91.9
91.9
91.9
91.9
91.9
91.9
91.9
91.9
91.9
91.9
91.9
91.9
91.9
91.9
91.9
91.9
91.9
91.9
91.9
91.9
91.9
91.9
91.9
91.9
91.9
91.8
91.8
91.8
91.8
91.8
91.8
91.8
91.8
91.8
91.8
91.8
91.8
91.8
91.8
91.8
91.8
91.8
91.8
91.8
91.8
91.8
91.8
91.8
91.8
91.8
91.8
91.8
91.8
91.8
91.8
91.8
91.8
91.8
91.8
91.8
91.8
91.8
91.8
91.8
91.8
91.8
91.8
91.8
91.8
91.8
91.8
91.8
91.8
91.8
91.8
91.8
91.8
91.7
91.7
91.7
91.7
91.7
91.7
91.7
91.7
91.7
91.7
91.7
91.7
91.7
91.7
91.7
91.7
91.7
91.7
91.6
91.6
91.6
91.6
91.6
91.6
91.6
91.6
91.6
91.6
91.6
91.6
91.6
91.6
91.6
91.6
91.6
91.6
91.6
91.6
91.6
91.5
91.5
91.5
91.5
91.5
91.5
91.5
91.4
91.4
91.4
91.4
91.4
91.4
91.4
91.4
91.4
91.4
91.4
91.4
91.4
91.4
91.3
91.3
91.3
91.3
91.3
91.3
91.2
91.2
91.2
91.2
91.2
91.2
91.2
91.2
91.2
91.2
91.2
91.2
91.1
91.1
91.1
91.1
91.1
91.1
91.1
91.1
91.1
91.1
91.1
91.1
91.1
91.1
91.1
91.1
91.1
91.1
91.1
91.1
91.1
91.1
91.1
91.1
91.1
91.1
91.0
91.0
91.0
91.0
91.0
91.0
91.0
91.0
91.0
91.0
91.0
91.0
91.0
91.0
91.0
91.0
91.0
91.0
91.0
91.0
91.0
91.0
91.0
91.0
91.0
91.0
91.0
91.0
91.0
91.0
91.0
90.9
90.9
90.9
90.9
90.9
90.9
90.9
90.9
90.9
90.9
90.9
90.9
90.9
90.9
90.9
90.9
90.9
90.9
90.9
90.9
90.9
90.9
90.9
90.9
90.9
90.9
90.9
90.9
90.9
90.9
90.9
90.9
90.9
90.9
90.9
90.9
90.9
90.9
90.9
90.9
90.9
90.9
90.9
90.9
90.9
90.9
90.9
90.9
90.9
90.9
90.9
90.9
90.9
90.8
90.8
90.8
90.8
90.8
90.8
90.8
90.8
90.8
90.8
90.8
90.8
90.8
90.8
90.8
90.8
90.8
90.8
90.8
90.8
90.8
90.8
90.8
90.8
90.8
90.8
90.8
90.8
90.8
90.8
90.8
90.8
90.8
90.8
90.8
90.8
90.8
90.8
90.8
90.8
90.8
90.8
90.8
90.8
90.8
90.8
90.8
90.8
90.8
90.8
90.8
90.8
90.8
90.8
90.8
90.8
90.8
90.8
90.7
90.7
90.7
90.7
90.7
90.7
90.7
90.7
90.7
90.7
90.7
90.7
90.7
90.7
90.7
90.7
90.7
90.7
90.7
90.7
90.7
90.7
90.7
90.7
90.7
90.7
90.7
90.7
90.7
90.7
90.7
90.7
90.6
90.6
90.6
90.6
90.6
90.6
90.6
90.6
90.6
90.6
90.6
90.6
90.6
90.6
90.6
90.6
90.6
90.6
90.6
90.6
90.6
90.6
90.6
90.6
90.6
90.6
90.6
90.6
90.6
90.5
90.5
90.5
90.5
90.5
90.5
90.5
90.5
90.5
90.5
90.5
90.5
90.5
90.4
90.4
90.4
90.4
90.4
90.4
90.4
90.4
90.4
90.4
90.4
90.4
90.4
90.4
90.4
90.4
90.4
90.3
90.3
90.3
90.3
90.3
90.3
90.3
90.2
90.2
90.2
90.2
90.2
90.2
90.1
90.1
90.1
90.1
90.1
90.1
90.1
90.0
90.0
90.0
89.9
89.9
89.9
89.9
89.9
89.8
89.6
89.4
89.0
