92.08303520710439
90.9875202348571
90.97612464696616
90.84552810454466
91.88759810553466
91.08317260587324
92.03781095179423
92.0598862330058
90.93433672991986
91.1306490926581
91.8252582879549
90.14664073262253
91.64841457198403
91.84587049554979
91.06564649532817
90.89818460367145
91.04822637904346
90.47637211977639
91.66358267443395
91.23945195489416
91.89119273977283
90.86156361450519
91.77583795083727
91.00519085462237
91.83894126458904
91.36124583790557
90.94926127644705
90.90167109705499
91.08902712223954
90.87626786409022
91.01825599394
90.81517134847348
91.8472060261182
92.08798083027524
91.77796906495368
90.9309457048725
91.91926238111304
90.11539712952968
90.92306402436009
91.11342452938102
91.81697494442875
90.3717142636207
90.80842484606544
90.99477873922973
92.18511888870385
91.02877633319879
92.07784385888522
90.62857690036155
90.99017323158319
91.23877154398598
91.69092766516454
90.76728311459084
91.65766186535102
90.663712816999
90.82009441528501
91.89782958220682
91.63702437272032
91.82017778523544
90.97042979394257
92.20083255533109
90.89611562008008
90.66646172557769
91.88821705036318
90.6543787577964
90.66225742131299
91.65640586713471
92.14184205022383
90.82677233366677
91.0284778858857
91.1638935968363
92.00794535132657
90.99930773091657
90.43966305507814
91.76479346769287
90.2203110953268
90.62580023614825
90.82096927181004
92.00342529396796
91.82151820199495
90.70808355614051
91.81397297809927
91.16934571574393
91.71422699433923
90.9816372525374
91.5706911097012
91.90157882170834
91.91710836597393
91.549310490344
90.82085884767571
91.93794811253059
90.784276591956
92.17380796941205
91.06382012375278
90.31285953880462
91.00420754357177
91.99953762049556
92.02180491698783
91.79973545955717
91.02556407895125
92.00023835725737
90.88295801967024
91.83922538121008
91.96943061250425
91.93498262535718
90.95083747848041
91.77011868238452
91.87542879164795
90.77435412207953
90.3416422876113
91.88646279750523
90.8604968646309
90.10297618206374
91.78842239311064
90.32313613917547
90.71828567527967
91.79482120609129
90.81752302465388
92.29926154388886
90.73511254921254
91.93283248441728
90.95137920520953
90.88892803957467
91.15359094712426
90.83150576510644
91.8324117324715
90.81037867038037
90.98054331235284
90.64179164424831
91.00066016550758
91.05959784347829
90.14865069299688
91.03194312732782
90.98711437817639
90.56779277320875
91.11082546776622
90.91152190208759
92.12933033140735
92.07301564141855
91.08486535089514
90.74059574262051
90.83631250822637
91.07447676350671
91.22468315470039
90.90993384140137
91.6704958913574
91.85624020185348
91.9719423559344
90.72783350664741
92.13600442628325
92.0330041019285
90.46845048210947
92.24054653899849
90.2222470658196
91.03146125892836
90.96054807442084
89.69063545823971
90.70770426393864
90.88878789000404
90.40721044723905
90.94331394360435
91.06149711252984
92.12695057589102
91.0100890835711
90.7377722287892
91.99300902353177
90.91369010234129
91.08921692679132
90.82893422117992
92.09835580434891
91.58070837105222
92.05484541076437
90.77561119680819
91.83262515226832
90.89897901333009
90.60041768491027
90.87830514697436
91.65403917732138
91.05308737564899
91.5311864127914
91.64716288021489
90.6774700704612
92.03880594221295
90.92251565741587
89.99026636914473
91.83855314562328
90.8868481183223
90.99045109504569
91.20540690674797
90.72496558651616
90.82558704022742
91.00171108105236
90.93914515898612
90.81774982064128
91.0461648131227
91.2476594894239
90.53872550443891
91.78996961717534
90.60950070063012
91.82239416920022
90.7387855079672
92.03747181098149
90.80548431960187
91.2052782658559
89.68080882999067
90.490504508666
92.00298730198344
91.83874906908036
91.16662490773443
91.95518798695402
92.26161123236015
91.21580036503211
91.90858448058609
91.23028646211404
91.93426762855911
91.20844384630044
91.08156960912535
90.93954447705025
91.24972831397594
90.99242929245088
91.73378420951988
90.97987231184672
90.53305081898527
90.99199396180221
90.67403669329173
91.54456923456718
91.03928898488431
90.94642018029231
92.28291125103819
91.78905457222055
91.88699306653851
90.29720697216686
90.91825911295983
90.8346757393167
91.0963792449981
91.78732192173736
91.78262187777447
90.94638386815913
91.20375230371239
90.86449607256849
91.57644415751561
90.66454694724428
92.06867144873246
91.78761813685156
91.18450422079547
91.41166259449263
91.27346789679689
90.62281803813357
91.93808772234007
90.84330766793794
91.68128503930456
91.86627330827929
90.79837295926998
90.98160290451591
90.92286902032814
90.90167447694824
90.57394493976594
92.00718256403397
90.97528806746433
91.09946566561818
90.95585512641475
91.97539801804356
92.07165681498904
90.84268815548982
90.19035539404345
91.03782633208357
90.94555753593136
92.1653930094222
91.566092265307
90.63816993495797
92.03029846611757
92.17176084894962
91.92419802078663
90.93867898405347
90.75471788438023
90.57844338817523
91.9841377282831
91.96597308048152
91.95870278935799
90.69867291917653
90.87073671329345
91.10341142173317
92.04039568878896
91.87854082702073
90.75012201546377
91.18232769204042
90.6594295937123
91.00903149370117
90.67053917565303
90.26813071664543
90.95561172002014
90.92175421832921
92.06942289742284
91.55506370366608
91.7193077584522
92.06820672237843
91.95954920243217
91.24039666739192
90.96057690283727
90.8707135075919
90.69256105176144
90.91130188081667
90.83150950504462
90.9654517263233
91.23465301986153
92.17957218801405
90.80100669447884
90.99215736864366
90.90761167336763
91.98714842833031
91.75140646678088
91.98343745778344
91.7463579337803
91.85201632793458
92.04337393877384
91.16765601906063
92.01629152938192
91.89213061341148
91.94126505800104
91.03430747948472
90.04513622786162
92.03122638103642
90.96838494178282
90.34886777686114
91.80178399838188
91.50582510226265
90.81432510330188
90.94576487254868
90.38651013145746
90.2501248149726
90.63308009924323
91.26747732110296
90.84924738761383
90.40529674119438
91.82004589020991
91.9587598754333
92.16552291919561
91.1794097578207
91.74993714254148
92.02959354827067
90.52420748734374
92.06031776239826
91.72173788644757
92.08879769390803
91.06933457576382
90.97600062839807
90.68449734971335
90.37792867509683
90.95908375006724
91.87467141078234
92.0046521837286
90.39402391650525
90.81196993004265
90.89393180780078
90.86157595766751
91.82846940270598
91.04297355036728
90.02908397772472
90.83371669413845
91.29488227979648
91.33217868932414
91.32789069468555
90.65906971679408
92.12645790285681
90.88803806663708
91.15889538182387
92.13051053647084
92.09242990583465
91.0751447615215
90.89684896728033
91.01618715797912
92.05196048572054
91.96681983142798
91.97771205489202
90.98338873920392
90.94954297672083
91.79452987907058
91.32958939484075
90.78041618936163
91.29864142816311
91.27149192404909
91.75720152346523
90.38729879328642
90.89700042187107
91.85671959827356
91.86952418381397
90.35795270851219
91.93783374202492
91.27369736159147
91.67561939137079
92.01076967747524
92.01309378052481
91.75076241347921
90.92721178379463
91.97825998615696
92.11438560577919
91.10179700081147
90.86433580720745
91.86798157917785
89.40089908196276
90.73514272519229
90.93663888722816
91.76991387709764
91.17944180036417
90.99700909843334
91.0399061985722
90.99077511834679
91.07315659770383
92.15245342382605
91.1071937225982
90.87440837820239
90.81177541075459
91.90795210950854
91.21512842614366
92.10215086234135
90.14116312858022
91.70611475687834
90.86608809598594
91.136405937201
91.6565491001102
91.59142770619349
90.63130449411379
90.81343428580756
90.8773607166732
90.44043021053955
92.2159372983619
91.61180638634302
90.72725764240978
90.6291068728382
90.7727047636154
89.73253042963727
91.8904947710762
90.39102054850154
90.92686006029385
91.285911614962
90.96219306387964
92.16193217843824
90.76497806840752
90.93780282639587
89.96994746612759
92.05517826368627
90.15603424224979
91.61107722978598
90.97134852856999
91.96379799522703
90.4620604266511
90.88780383707166
91.80856680009498
90.96178915973289
92.04349354950722
91.06416905372117
91.05888382039026
91.14230500370125
91.01122121742392
91.73141296030332
90.9116187023476
90.51291750674571
90.23845490688748
90.79956088692833
90.99822857296563
91.97589970319054
91.71606163245605
92.09064222112846
90.89093661340479
90.93141956288042
90.95646944184513
91.81769167676697
91.86188646982166
90.72319692772155
92.09885057547109
92.21626144456708
91.18506414293897
91.26201207246956
90.3912604463222
90.99704204005178
91.9930531968619
91.07431241019552
90.75224483430964
91.54472803450494
91.00672220316164
90.20184337122997
91.8383249040956
91.93174753618577
91.69596564957712
91.1966820318832
90.70578789416251
90.86673431012817
91.97324136082372
91.62467592632132
91.33756974268705
90.75068441276214
90.72966334583401
90.87373937665916
90.79031863353161
91.25630409355914
92.09962008630686
91.54181685229894
91.08135901830403
91.28551384661301
92.03297931644005
92.06399529823754
