81.1
81.0
79.9
79.8
79.3
79.2
79.2
79.1
78.9
78.9
78.9
78.8
78.8
78.7
78.6
78.3
78.3
78.2
77.9
77.9
77.9
77.9
77.8
77.7
77.6
77.6
77.4
77.1
76.9
76.8
76.7
76.5
76.4
76.2
76.1
76.1
76.1
75.8
75.8
75.7
75.2
75.2
75.1
75.1
74.6
74.6
74.2
74.2
73.9
73.9
73.6
73.1
73.1
72.8
72.8
72.7
72.5
72.5
72.4
72.3
72.2
72.2
72.1
72.1
72.1
71.8
71.8
71.6
71.6
71.6
71.6
71.6
71.3
71.3
71.2
71.1
70.9
70.7
70.7
70.6
70.1
69.9
69.8
69.7
69.6
69.4
69.4
69.2
68.8
68.8
68.8
68.6
68.6
68.4
68.1
67.9
67.9
67.6
67.5
67.4
67.3
67.3
67.2
67.2
66.8
66.8
66.7
66.4
66.2
66.1
65.8
65.6
65.4
65.2
65.2
65.0
64.9
64.9
64.8
64.8
64.7
64.6
64.5
64.4
64.3
64.1
64.1
63.8
63.8
63.5
63.5
63.5
63.3
63.3
63.3
63.2
63.2
62.6
62.5
62.5
62.5
62.2
62.2
61.6
61.4
61.1
61.1
61.0
60.9
60.8
60.8
60.5
60.2
60.2
60.1
60.0
59.8
59.8
59.7
59.6
59.2
58.5
57.8
57.8
57.7
57.1
56.8
55.5
55.5
55.4
55.3
54.8
54.4
53.6
53.4
53.2
52.9
52.8
52.7
52.5
51.8
51.7
51.4
51.2
50.6
50.1
49.9
49.7
49.4
49.3
49.1
49.0
48.8
48.2
48.2
48.2
48.1
47.6
47.2
46.7
46.6
46.1
46.1
45.9
44.7
44.5
44.5
43.3
43.2
42.8
42.7
42.5
42.3
42.3
42.3
41.9
41.6
41.4
41.4
41.4
41.2
41.2
41.0
41.0
40.8
40.8
40.8
40.7
40.6
40.5
40.5
40.2
40.2
40.2
40.1
39.9
39.8
39.7
39.7
39.6
39.5
39.3
39.3
39.3
39.2
39.1
39.0
38.9
38.7
38.6
38.6
38.4
38.3
38.2
38.2
38.0
38.0
37.9
37.9
37.8
37.7
37.7
37.6
37.6
37.5
37.4
37.2
37.0
37.0
36.6
36.5
36.4
36.4
36.3
36.3
36.2
36.2
36.2
36.1
36.1
36.0
36.0
36.0
36.0
36.0
35.9
35.8
35.8
35.7
35.6
35.6
35.5
35.5
35.5
35.4
35.3
35.3
35.2
35.1
35.1
35.1
35.1
34.9
34.9
34.8
34.6
34.6
34.5
34.4
34.3
34.3
34.2
34.2
34.2
34.1
34.1
34.1
34.0
33.9
33.8
33.8
33.8
33.4
33.4
33.4
33.3
33.3
33.3
33.2
33.2
33.2
33.2
33.1
33.0
33.0
32.9
32.9
32.8
32.6
32.3
32.3
32.2
32.2
32.1
32.1
32.1
32.0
32.0
32.0
31.9
31.9
31.8
31.8
31.8
31.7
31.7
31.6
31.6
31.6
31.6
31.6
31.5
31.5
31.5
31.4
31.4
31.4
31.3
31.3
31.3
31.2
31.2
31.2
31.2
31.2
31.1
31.1
31.1
31.1
31.0
30.9
30.8
30.8
30.8
30.8
30.7
30.7
30.7
30.7
30.6
30.6
30.5
30.5
30.5
30.5
30.5
30.4
30.4
30.4
30.4
30.3
30.3
30.2
30.1
30.1
30.0
30.0
30.0
30.0
30.0
30.0
29.9
29.8
29.8
29.7
29.7
29.7
29.6
29.6
29.5
29.5
29.5
29.5
29.4
29.4
29.2
29.2
29.2
29.2
29.1
29.1
28.9
28.8
28.8
28.8
28.8
28.8
28.8
28.8
28.7
28.7
28.7
28.7
28.6
28.6
28.5
28.4
28.4
28.3
28.2
28.2
28.2
28.1
27.9
27.8
27.8
27.8
27.7
27.7
27.7
27.6
27.6
27.6
27.5
27.5
27.4
27.4
27.3
27.3
27.2
27.2
27.1
27.1
27.1
27.1
26.9
26.8
26.7
26.6
26.4
26.4
26.3
26.3
26.2
26.2
26.2
26.2
26.0
26.0
25.9
25.8
25.5
25.0
24.8
24.8
24.4
23.7
23.6
23.2
22.7
