91.9
91.9
91.8
91.8
91.6
91.6
91.6
91.6
91.5
91.5
91.5
91.5
91.4
91.4
91.4
91.4
91.4
91.4
91.4
91.4
91.4
91.4
91.4
91.4
91.4
91.4
91.4
91.4
91.4
91.3
91.3
91.3
91.3
91.3
91.3
91.3
91.2
91.2
91.2
91.2
91.2
91.2
91.2
91.2
91.2
91.2
91.2
91.2
91.2
91.2
91.2
91.1
91.1
91.1
91.1
91.1
91.1
91.1
91.1
91.1
91.1
91.1
91.1
91.1
91.1
91.1
91.1
91.1
91.0
91.0
91.0
91.0
91.0
91.0
91.0
91.0
91.0
91.0
91.0
91.0
91.0
91.0
90.9
90.9
90.9
90.9
90.9
90.9
90.9
90.9
90.9
90.9
90.9
90.9
90.9
90.9
90.9
90.9
90.9
90.9
90.9
90.9
90.9
90.8
90.8
90.8
90.8
90.8
90.8
90.8
90.8
90.8
90.8
90.8
90.8
90.8
90.8
90.8
90.8
90.8
90.8
90.8
90.8
90.8
90.8
90.8
90.8
90.7
90.7
90.7
90.7
90.7
90.7
90.7
90.7
90.7
90.7
90.7
90.7
90.6
90.6
90.6
90.6
90.6
90.6
90.6
90.6
90.6
90.6
90.6
90.6
90.6
90.6
90.6
90.6
90.6
90.6
90.6
90.6
90.6
90.6
90.6
90.6
90.6
90.5
90.5
90.5
90.5
90.5
90.5
90.5
90.5
90.5
90.4
90.4
90.4
90.4
90.4
90.4
90.4
90.4
90.4
90.4
90.4
90.4
90.4
90.4
90.4
90.4
90.4
90.4
90.4
90.4
90.4
90.3
90.3
90.3
90.3
90.3
90.3
90.3
90.3
90.3
90.3
90.3
90.3
90.3
90.2
90.2
90.2
90.2
90.2
90.2
90.2
90.2
90.2
90.2
90.2
90.2
90.2
90.2
90.2
90.2
90.2
90.2
90.2
90.2
90.2
90.2
90.2
90.2
90.2
90.2
90.1
90.1
90.1
90.1
90.1
90.1
90.1
90.1
90.1
90.1
90.1
90.1
90.1
90.1
90.1
90.1
90.1
90.1
90.0
90.0
90.0
90.0
90.0
90.0
90.0
90.0
90.0
90.0
90.0
90.0
90.0
89.9
89.9
89.9
89.9
89.9
89.9
89.9
89.9
89.9
89.9
89.9
89.9
89.9
89.9
89.9
89.9
89.9
89.9
89.9
89.9
89.9
89.9
89.9
89.9
89.8
89.8
89.8
89.8
89.8
89.8
89.8
89.8
89.8
89.8
89.8
89.8
89.8
89.8
89.8
89.8
89.8
89.8
89.8
89.8
89.8
89.8
89.7
89.7
89.7
89.7
89.7
89.7
89.7
89.7
89.7
89.7
89.7
89.7
89.7
89.6
89.6
89.6
89.6
89.6
89.6
89.6
89.6
89.6
89.6
89.6
89.6
89.6
89.6
89.6
89.6
89.6
89.6
89.6
89.6
89.6
89.6
89.6
89.6
89.6
89.6
89.5
89.5
89.5
89.5
89.5
89.5
89.5
89.5
89.5
89.4
89.4
89.4
89.4
89.4
89.4
89.4
89.4
89.4
89.4
89.4
89.4
89.4
89.4
89.4
89.4
89.4
89.4
89.4
89.4
89.4
89.4
89.4
89.4
89.3
89.3
89.3
89.3
89.3
89.3
89.2
89.2
89.2
89.2
89.2
89.2
89.2
89.2
89.2
89.2
89.2
89.2
89.2
89.2
89.1
89.1
89.1
89.1
89.1
89.1
89.1
89.1
89.1
89.1
89.1
89.1
89.1
89.1
89.1
89.1
89.0
89.0
89.0
89.0
89.0
89.0
89.0
89.0
89.0
88.9
88.9
88.9
88.9
88.9
88.9
88.9
88.9
88.9
88.9
88.9
88.9
88.8
88.8
88.8
88.8
88.8
88.8
88.8
88.8
88.8
88.8
88.8
88.8
88.8
88.7
88.7
88.7
88.6
88.6
88.6
88.6
88.6
88.6
88.6
88.6
88.5
88.5
88.5
88.4
88.4
88.4
88.4
88.3
88.3
88.2
88.2
88.2
88.2
88.2
88.2
88.2
88.1
88.1
88.0
88.0
87.9
87.9
87.9
87.9
87.9
87.9
87.8
87.8
87.8
87.8
87.6
87.6
87.2
87.2
87.1
86.8
86.2
