88.8
88.2
87.5
87.3
86.9
88.6
88.0
87.6
87.4
87.3
88.9
88.4
87.8
87.6
87.4
89.4
87.9
87.7
87.4
87.4
88.9
88.4
87.6
87.2
87.1
88.7
88.1
87.6
87.4
87.4
88.7
87.8
87.6
87.6
87.4
88.7
88.1
87.6
87.4
87.4
88.9
88.4
87.9
87.8
87.5
88.9
88.1
87.6
87.4
87.2
88.7
88.1
87.8
87.5
87.4
88.8
88.2
87.5
87.4
87.2
88.8
88.3
87.9
87.4
87.3
88.7
87.9
87.2
87.1
86.9
88.9
88.2
87.4
87.4
87.2
88.6
88.4
87.6
87.5
87.3
88.8
88.3
87.6
87.4
87.4
88.6
88.1
87.4
87.2
87.1
88.8
88.2
87.9
87.6
87.4
88.7
88.2
87.6
87.4
87.2
88.8
88.2
87.6
87.5
87.4
88.7
88.2
87.7
87.3
87.1
88.6
87.9
87.5
87.4
87.3
88.6
87.7
87.4
87.2
87.1
88.8
88.4
87.9
87.5
87.4
88.6
88.2
87.6
87.5
87.4
88.7
88.1
87.6
87.4
87.2
89.1
88.0
87.4
87.4
87.4
88.5
88.4
87.8
87.6
87.5
88.9
88.2
87.9
87.8
87.6
88.8
88.1
87.8
87.4
87.4
88.8
88.3
87.6
87.5
87.4
89.3
88.0
87.2
87.1
87.1
89.2
88.1
87.8
87.7
87.6
89.0
88.0
87.6
87.5
87.1
88.8
88.2
87.5
87.5
87.4
89.0
88.1
87.6
87.4
87.3
88.8
88.2
88.0
87.8
87.8
88.7
88.2
87.7
87.4
87.2
88.6
88.1
87.6
87.5
87.3
89.1
88.0
87.9
87.6
87.6
88.9
88.5
87.7
87.6
87.5
88.6
88.2
87.5
87.4
87.0
89.0
88.4
88.0
87.6
87.4
89.0
87.9
87.6
87.6
87.2
89.0
88.4
87.9
87.6
87.3
88.9
88.4
87.8
87.8
87.6
88.9
88.1
87.4
87.4
87.2
89.0
88.1
87.7
87.6
87.6
89.5
88.8
88.1
87.9
87.8
88.7
88.1
87.7
87.4
87.3
88.8
88.1
87.5
87.2
87.2
89.1
88.6
88.0
87.6
87.5
88.7
88.3
87.6
87.4
87.3
88.6
88.1
87.6
87.5
87.1
88.9
88.4
87.7
87.6
87.4
89.0
88.2
87.8
87.4
87.4
88.4
88.1
87.6
87.1
87.1
88.9
87.9
87.8
87.4
87.4
89.1
88.5
87.9
87.9
87.7
88.7
88.0
87.4
87.4
87.1
89.2
88.1
87.6
87.5
87.4
89.1
88.1
87.7
87.6
87.4
89.1
88.4
87.9
87.7
87.6
88.7
88.1
87.4
87.2
87.0
88.4
88.1
87.7
87.4
87.3
88.7
88.3
87.8
87.5
87.4
89.1
88.6
87.8
87.7
87.4
88.6
88.2
87.5
87.4
87.3
88.7
88.1
88.0
87.8
87.7
88.5
88.0
87.3
87.2
86.9
88.9
88.1
87.2
87.1
86.9
89.4
88.4
87.8
87.6
87.6
88.9
88.0
87.6
87.5
87.4
88.8
88.3
88.1
87.8
87.6
88.7
88.2
87.7
87.4
87.3
88.7
88.2
87.9
87.7
87.4
88.9
88.0
87.8
87.2
87.1
88.7
88.4
87.8
87.7
87.4
88.7
88.2
87.6
87.4
87.2
89.1
88.2
87.9
87.8
87.4
88.9
87.8
87.2
87.2
87.1
88.7
88.1
87.7
87.6
87.4
89.1
87.9
87.7
87.6
87.4
88.8
88.4
87.6
87.6
87.4
88.4
87.9
87.7
87.6
86.8
88.9
88.4
87.5
87.4
87.2
88.6
88.1
87.4
87.4
87.0
88.8
87.9
87.4
87.4
87.2
88.8
87.1
87.0
86.9
86.5
89.1
88.4
87.9
87.8
87.6
89.1
88.4
87.8
87.8
87.8
88.8
88.0
87.7
87.6
87.4
89.2
88.2
87.9
87.4
87.2
88.9
88.4
87.8
87.6
87.4
88.9
88.1
87.7
87.5
87.4
88.7
88.4
87.9
87.6
87.2
88.7
88.2
87.5
87.4
87.2
89.1
88.5
87.9
87.8
87.6
89.1
88.5
87.8
87.6
87.4
