83.0
82.8
82.7
82.7
82.5
82.4
82.4
82.4
82.3
82.3
82.3
82.3
82.2
82.2
82.2
82.1
82.1
82.1
82.1
82.1
82.1
82.1
82.0
82.0
81.9
81.9
81.9
81.9
81.9
81.9
81.9
81.9
81.8
81.8
81.8
81.8
81.8
81.8
81.8
81.8
81.8
81.7
81.7
81.7
81.7
81.6
81.6
81.6
81.6
81.6
81.6
81.5
81.5
81.5
81.5
81.4
81.4
81.4
81.4
81.4
81.4
81.4
81.4
81.4
81.4
81.4
81.3
81.3
81.3
81.3
81.3
81.3
81.3
81.3
81.2
81.2
81.2
81.2
81.2
81.2
81.2
81.2
81.2
81.2
81.2
81.2
81.2
81.1
81.1
81.1
81.1
81.1
81.1
81.1
81.0
81.0
81.0
81.0
81.0
81.0
81.0
81.0
81.0
80.9
80.9
80.9
80.9
80.9
80.9
80.9
80.9
80.9
80.9
80.9
80.9
80.9
80.9
80.9
80.9
80.8
80.8
80.8
80.8
80.8
80.8
80.8
80.8
80.8
80.8
80.8
80.7
80.7
80.7
80.7
80.7
80.6
80.6
80.6
80.6
80.6
80.6
80.6
80.6
80.6
80.5
80.5
80.5
80.5
80.5
80.5
80.4
80.4
80.4
80.4
80.4
80.4
80.4
80.4
80.4
80.4
80.3
80.3
80.3
80.3
80.3
80.2
80.2
80.2
80.2
80.2
80.2
80.2
80.2
80.2
80.2
80.2
80.2
80.1
80.1
80.1
80.1
80.1
80.1
80.1
80.1
80.1
80.1
80.1
80.1
80.0
80.0
79.9
79.9
79.9
79.9
79.9
79.9
79.9
79.9
79.8
79.8
79.8
79.8
79.8
79.8
79.8
79.8
79.8
79.8
79.7
79.7
79.6
79.6
79.6
79.6
79.5
79.5
79.5
79.5
79.5
79.4
79.4
79.4
79.4
79.4
79.4
79.3
79.3
79.3
79.3
79.2
79.2
79.2
79.2
79.2
79.2
79.2
79.2
79.2
79.2
79.2
79.1
79.1
78.9
78.9
78.9
78.9
78.9
78.9
78.8
78.8
78.8
78.8
78.7
78.7
78.7
78.7
78.6
78.6
78.6
78.6
78.6
78.5
78.5
78.5
78.5
78.5
78.4
78.4
78.4
78.4
78.4
78.3
78.2
78.2
78.2
78.2
78.2
78.2
78.2
78.1
78.1
78.1
77.9
77.9
77.9
77.8
77.8
77.8
77.8
77.7
77.7
77.6
77.6
77.6
77.6
77.6
77.5
77.5
77.4
77.4
77.3
77.2
77.1
77.1
77.0
77.0
76.9
76.8
76.8
76.6
76.5
76.4
76.4
76.4
76.4
76.3
76.3
76.2
76.2
76.2
76.0
75.9
75.9
75.8
75.8
75.8
75.6
75.4
75.4
75.4
75.4
75.3
75.3
75.2
75.2
75.2
75.1
75.0
75.0
75.0
74.8
74.8
74.8
74.7
74.7
74.7
74.7
74.7
74.4
74.2
74.1
74.0
74.0
73.9
73.9
73.8
73.7
73.6
73.5
73.2
73.2
73.1
73.1
73.1
72.9
72.8
72.6
72.6
72.4
72.2
72.1
72.0
71.9
71.9
71.9
71.8
71.8
71.8
71.7
71.4
71.4
71.3
71.3
71.2
71.2
70.9
70.8
70.8
70.6
70.6
70.5
70.5
70.4
70.4
70.3
69.8
69.8
69.7
69.6
69.2
69.2
69.1
68.8
68.8
68.8
68.7
68.4
68.4
68.4
68.2
68.2
68.0
68.0
67.9
67.9
67.8
67.4
67.4
67.4
67.0
66.9
66.8
66.7
66.5
66.5
66.4
66.2
66.0
66.0
65.9
65.8
65.1
65.0
64.9
64.6
63.9
63.8
63.8
63.6
63.6
63.3
63.3
63.3
63.0
62.8
62.8
62.4
62.4
62.2
62.2
61.9
61.8
61.7
61.2
61.0
60.8
60.7
60.6
59.9
59.9
59.6
59.4
59.1
58.9
58.9
58.3
58.2
58.2
58.2
56.5
55.5
55.3
54.9
54.6
54.2
53.3
52.9
52.1
51.5
50.8
50.5
50.2
49.7
49.6
47.9
46.6
46.0
45.5
45.2
44.4
44.3
43.8
42.7
41.8
40.4
39.0
38.9
34.9
33.7
