96.27131300675462
94.99717447272886
95.32680363162557
94.4875613839176
95.94846330226112
95.97949115363177
96.26303817219187
96.35957843579996
95.24504342276417
95.18045219148387
96.1823899674397
95.2433889019743
95.67608133048564
96.22447162715468
95.19651773855995
95.32800992835807
94.32252809522767
95.53695684798078
95.78505893919218
95.43887312963946
96.02532088009913
94.01396193947265
95.93602718262723
94.42018848366311
95.73119769463372
95.29396754008302
94.99695532970723
94.26097747477955
94.98527349421038
94.3799662832913
95.16285683161512
95.096475148413
95.67957833909092
96.25087847667844
96.14921011784652
95.19403153050996
96.1416420784617
95.30375522073017
95.26693725888339
95.09846345003763
95.98631591715458
95.23116523938081
94.54930240192637
94.50502592866972
95.91345094783097
94.9842760571161
96.3836234888739
94.38056097854434
95.21645543364527
95.0668978331603
95.78108412026945
94.66313907232946
96.28509193838727
94.48646034575313
95.05406298672234
95.75896865145077
95.77501902019425
95.73084826504511
95.12903254444886
96.13711551084016
94.22774224312536
94.4180024438987
95.62457877410957
95.29833838853247
95.05300302654578
96.15645263708096
96.43342469803403
95.21871565081106
94.41751988629935
94.85786850675025
95.8102195947014
95.30219712067328
95.13618789319136
95.85891089590267
95.09488040405637
95.27880476935006
94.32680319354999
95.7672782973708
95.79469665448227
94.51613544228839
95.72510803274615
94.6579931736275
95.95007782630059
95.18292135286974
95.92021317982132
95.95485522964529
96.37978834382461
96.029863664148
94.46471472690236
95.83175685797941
95.15739587447422
96.23765394692731
94.96452334390415
95.56442632394938
95.30354553956573
96.26133396807423
96.4348553940203
95.70290356288605
94.14614118049174
96.26782914706601
96.13017029564625
95.90411278342162
95.90464963577355
96.0687670595677
95.11445382957544
95.90401586247509
96.28696278681797
95.10525066318259
95.41735736244085
96.28094845581286
94.30292683209224
95.22797204077726
96.50114735994637
95.31320616571216
95.20048214244918
96.1209608699225
94.27615227099398
95.91731136681314
95.50805893344322
95.94190655784068
94.30806670765247
95.03734706097818
94.45470100231135
94.33198714793801
96.16954848401826
94.14750118855832
95.1849086437317
95.03976974769846
95.23250343233732
94.63682887368002
95.20998559089604
95.11118254818652
94.99707810363866
95.47179661539211
95.17418767280736
95.13324055304297
96.07784121010691
96.30662690651009
95.835650088795
94.45651320521274
94.21625120990838
94.21028191156647
95.31821214280144
94.25908207207027
95.98909340362117
96.18421077697617
95.89209783653544
95.33311465682766
96.41924166962102
95.92846086388528
95.0796072881688
96.17736407906499
95.39997929025405
95.02372731217444
95.11283185987203
95.25978423689594
94.17181107604468
95.25514437209276
95.31672402559441
95.28326581023342
94.2821269081616
96.39320732241195
95.29825244236007
95.33224227261563
96.0740854361732
94.61731584150321
94.34093251760561
94.90175101273113
96.27316292302068
95.82120259727633
96.15660798609538
95.12899306323563
95.61019438455776
95.15087906550225
94.42987595942897
95.11280652395745
95.74588923129853
95.3122015569097
95.8123390727167
95.84488630967358
94.52095876337053
96.2710307563194
94.47660717435744
94.95867015024379
96.01404893620334
94.60862295098954
95.05480578671303
95.22473293275013
95.0180858603935
95.248559259701
94.26868112604181
95.06621517375878
94.29116190791125
95.19403053981664
94.27425106060616
95.20283103646025
95.89374723152957
95.24675517056109
96.0936798788926
95.30585330309128
95.9682901581467
94.01265862589936
95.25390928676751
95.28946638371791
94.28954496492315
95.74118235938963
95.7247850123611
94.20403516318116
96.00164515257322
96.17848519980176
95.32371127681422
95.79783365935229
95.51001985551282
95.64466415613448
94.5898658728737
94.29479665670142
95.01695527146953
95.32052233829825
94.05187507712823
95.80607628013777
94.78316144459606
95.16661261462
94.92276661818737
95.32659301092387
95.80935155887043
95.35512611750681
95.2609459315073
96.4983368849145
96.12398672906662
96.40356225488419
95.08787946337453
95.0448155049418
94.9805586008642
94.26922362521658
96.00503148994905
95.87619465006013
94.89009628297406
94.18871797448945
94.34819181036805
95.82665713981925
95.54595485124523
96.29790041147548
95.7714080710231
95.34262482310504
95.92287568046184
94.96214748576712
94.84562352054225
96.36732485987987
94.16650777400886
96.24883836044175
95.9304735595204
94.39828378667859
95.60948551227368
95.19737513658663
94.47176386628342
95.19311450531329
96.25153797509299
95.27411970229618
95.1732467657395
95.2799262005337
95.90211205075643
96.04021161441108
94.4804945668164
94.91863521604002
94.35011477611366
95.21628563802518
96.08854508657102
96.00781373910459
95.1088961405139
96.38814199752797
95.99856866245175
96.17820677317755
94.38976980094073
95.17815116377746
94.91059554985428
96.22764275164917
95.75594679354258
95.91535755328555
95.23910117879139
95.03815091486833
94.33417883842876
96.04876710290549
95.96059199828011
95.08665692186186
94.23822934321336
94.98345992606899
95.23749290025707
95.16244536447242
95.03941054945246
95.17633905013795
95.19575398171953
96.36874842399004
95.92719633692145
95.82779543974111
95.9982884318376
96.03524737841236
95.34690000112971
94.47900582993705
95.01646404687236
95.15939569537292
95.46470194595699
95.4204590199778
95.21278506345786
95.46013749236617
96.19854999820458
94.4263674965953
94.3394139532085
95.0752891591483
96.39179617282285
95.75928795550013
95.84626020522505
96.06815614716683
96.21324479193527
96.03760600079914
95.79294766044653
96.2266892286363
95.68666295624206
96.00930410769764
95.22138110068772
95.30157529622929
96.17490577732457
95.21345695945858
94.94917229714072
95.94030703167813
96.26069271378232
95.10805010518294
94.50339759708454
95.45976357396046
95.29640161761655
94.99190287093833
94.41938339811875
95.28794975275277
94.44453731529235
95.83545941391618
95.88302779654008
96.0163683018332
95.21595564021939
96.2752348402799
96.29099785650652
95.26069062034952
96.0534814996105
95.9556058397672
96.18569312187205
95.49521440214377
95.2506709413469
94.42764864519985
95.34902939232195
94.4761842224306
96.15567470659178
96.22257001783412
95.10244043855691
95.40097888251861
94.40339977716302
94.21753496482523
95.7373323416986
94.78896367732993
95.52072984674285
94.95908599111952
95.35583290515306
94.36430359939243
94.39187237511635
94.67522644886122
95.9046033251807
95.27336148440467
94.19111720576117
96.15979912314302
96.02352728874072
95.28604872202011
95.131202530438
95.48081918135422
95.88010100026176
95.77340836490181
96.52218157500069
94.280627728445
95.28978195858934
95.92698414311093
95.73393082836161
94.17207535992934
94.61660409306353
95.02535835283872
96.25611348686007
94.97199375551406
94.3641158956514
95.96086966172842
95.61949111066154
94.7062095517482
95.89679786456054
96.01819885112295
95.93082488436177
95.98604258706322
96.05371962448046
95.87239703168805
95.28255637964611
95.97416710259674
96.1102161867487
95.38196602032603
95.31063153684475
96.05148316867988
95.08073982000789
95.29786756248441
94.30533414937102
95.80718452947875
94.48300269106448
95.0517744319844
95.18257378790231
94.25885436672232
95.07823862010846
95.73186831382672
94.56785228542076
94.35042555277876
95.1013712415868
96.02680148761014
95.11519032974117
96.0458153610428
95.14592791103082
95.90320927022188
94.74624171183832
94.24705032509651
95.71848398744157
95.98536895766787
94.53341689717821
95.59981556527472
95.24956002329955
94.76423743395584
96.0895560847652
96.41490591980461
95.1805660090939
95.17416922859036
95.1668494360621
94.06698900002466
95.95587591834284
95.32381551142515
95.368650757875
95.93478044863525
94.21328723009594
96.1658865839283
95.10316175733648
94.5389143554183
95.11643751926155
96.22066286846201
95.56771558569521
95.88159943125044
95.025873623868
95.81963696617102
95.35311009784462
94.34285231555761
96.36635041757629
95.58503514202535
95.76423454633716
95.42044002364528
95.36829575394265
94.41064330763595
94.47709312324434
95.62421058549592
94.25828621930125
95.33765725131492
95.0352191508161
94.32845537706623
95.18504777708337
96.00382850186345
95.87954865108199
96.59057027036646
95.38107972074688
95.11107392545674
95.22616762077823
95.77065037137363
96.1715879457888
95.21019703066536
95.86806648485782
96.02206749159748
94.40808667837095
94.2661905144066
95.10892902775154
94.4526188415057
95.92567985400687
95.36079490097487
94.30554490541459
95.77833012039237
94.5044507882571
95.07807224649314
95.8172864290231
96.19634635189368
96.28395347272748
94.34620753634132
95.46754147310887
95.43271301964408
95.91304538132347
95.63907996015703
95.86372487224445
95.46321701417952
94.27218167388645
94.9882591990181
95.10153639621322
96.22076085560208
96.41544530281219
96.16185077681747
95.16818252450939
94.30148509854398
96.21464048562166
96.233645477807
