94.5
94.4
93.8
93.8
93.4
94.9
94.6
93.8
93.8
93.4
94.9
94.6
94.1
93.8
93.6
94.9
94.7
94.0
93.6
93.5
94.9
94.6
93.6
93.6
93.5
95.1
94.9
93.9
93.7
93.6
94.4
94.1
93.8
93.4
93.4
94.9
94.7
93.6
93.6
93.5
95.0
94.6
93.8
93.5
93.4
94.7
94.7
93.8
93.8
93.5
94.4
94.1
93.8
93.6
93.4
94.9
94.6
93.8
93.8
93.7
94.9
94.6
93.9
93.5
93.2
94.7
94.4
93.8
93.5
93.5
94.9
94.2
93.9
93.8
93.6
94.8
94.4
93.8
93.7
93.4
94.7
94.4
93.8
93.8
93.6
94.9
94.6
93.8
93.8
93.5
94.9
94.7
93.8
93.5
93.5
94.8
94.7
93.9
93.5
93.4
95.1
94.8
93.8
93.7
93.7
95.0
94.4
93.8
93.8
93.7
94.9
94.8
93.8
93.6
93.4
94.9
94.1
93.6
93.5
93.2
95.0
94.4
93.9
93.8
93.8
94.4
94.2
93.8
93.6
93.5
94.9
94.9
93.7
93.6
93.3
94.9
94.2
93.7
93.7
93.4
94.9
94.4
93.9
93.8
93.2
95.0
94.8
94.0
93.8
93.7
94.9
94.2
94.2
93.6
93.5
94.8
94.8
94.1
93.9
93.7
94.9
94.7
93.9
93.8
93.8
94.9
94.8
93.8
93.6
93.5
95.0
94.8
94.1
93.7
93.4
94.9
94.3
94.1
93.9
93.6
94.3
94.2
93.8
93.8
93.6
94.8
94.6
93.8
93.5
93.4
94.9
94.6
94.1
93.5
93.2
94.5
94.2
93.8
93.8
93.8
95.1
94.8
93.9
93.5
93.2
94.8
94.7
93.8
93.8
93.4
95.0
94.8
93.7
93.7
93.5
94.8
94.2
93.7
93.7
93.4
94.9
94.1
93.7
93.5
93.4
94.8
94.0
93.9
93.6
93.6
94.9
94.7
93.7
93.7
93.6
94.9
94.4
93.9
93.6
93.3
94.9
94.2
93.8
93.7
93.5
94.9
94.3
93.9
93.9
93.8
94.7
94.5
94.0
93.8
93.5
94.8
94.2
93.9
93.8
93.6
94.9
94.9
94.2
94.2
93.5
95.1
94.8
93.9
93.5
93.2
94.4
94.2
93.9
93.8
93.5
94.8
94.6
94.2
93.9
93.6
94.8
94.4
94.1
93.6
93.2
94.8
94.5
93.9
93.5
93.4
94.4
94.2
94.1
93.7
93.3
95.0
94.7
93.8
93.5
93.5
94.6
94.6
94.0
93.8
93.5
95.0
94.8
93.6
93.5
93.1
94.9
94.8
93.9
93.8
93.7
94.9
94.8
93.8
93.8
93.8
94.8
94.5
93.8
93.5
93.4
94.8
94.8
93.8
93.8
93.6
94.8
94.2
93.9
93.6
93.6
94.9
94.6
93.8
93.7
93.4
94.9
94.5
93.7
93.4
93.3
94.5
94.4
93.9
93.8
93.8
94.9
94.6
93.8
93.5
93.4
94.8
94.4
94.1
93.7
93.6
94.4
94.2
93.8
93.5
93.4
94.9
94.4
93.8
93.7
93.6
94.8
94.7
93.7
93.6
93.4
94.8
94.6
93.8
93.4
93.2
94.9
94.6
93.8
93.6
93.6
95.0
94.2
94.1
93.8
93.7
95.0
94.9
93.9
93.7
93.6
95.0
94.8
93.8
93.7
93.5
95.0
94.6
93.8
93.7
93.5
94.9
94.8
93.8
93.6
93.4
94.8
94.2
93.8
93.4
93.2
94.9
94.2
93.8
93.6
93.4
94.9
94.5
93.8
93.5
93.3
94.9
94.2
93.8
93.6
93.4
94.9
94.8
93.8
93.6
93.3
94.9
94.5
93.8
93.6
93.4
94.7
94.3
94.1
93.9
93.6
94.6
94.3
93.8
93.5
93.3
94.7
94.4
93.6
93.4
93.1
94.9
94.3
93.8
93.5
93.5
94.8
94.5
93.8
93.5
93.5
95.0
94.6
93.9
93.7
93.6
94.5
94.2
94.1
93.8
93.7
95.0
94.3
93.8
93.8
93.7
94.6
94.6
93.6
93.6
93.5
94.9
94.5
93.8
93.8
93.3
94.9
94.8
93.9
93.7
93.4
94.9
94.4
93.8
93.4
93.4
