82.8
80.4
80.2
80.0
79.6
79.1
78.8
78.8
78.8
78.6
78.6
78.4
78.4
78.4
78.2
78.1
78.1
77.8
77.8
77.6
77.4
77.4
77.2
77.0
76.9
76.8
76.8
76.8
76.7
76.5
76.5
76.4
76.4
76.0
76.0
75.9
75.9
75.8
75.6
75.6
75.4
75.4
75.3
75.3
75.1
75.1
74.9
74.9
74.9
74.8
74.7
74.6
74.6
74.4
74.4
74.3
74.2
73.9
73.8
73.7
73.7
73.6
73.4
73.3
73.2
73.2
73.2
73.1
73.1
73.1
73.0
72.9
72.9
72.9
72.9
72.6
72.6
72.5
72.5
72.4
72.3
72.3
72.2
72.0
72.0
72.0
71.9
71.9
71.8
71.8
71.8
71.7
71.3
71.2
71.1
71.1
71.1
71.1
71.0
70.9
70.9
70.9
70.9
70.9
70.8
70.8
70.8
70.8
70.6
70.6
70.5
70.5
70.5
70.4
70.4
70.4
70.3
70.3
70.2
70.1
70.1
70.1
70.1
70.1
69.9
69.8
69.8
69.5
69.5
69.4
69.2
69.2
69.2
69.2
69.2
69.1
69.1
69.0
68.9
68.9
68.9
68.9
68.7
68.6
68.6
68.6
68.4
68.2
68.1
68.1
68.0
67.9
67.9
67.9
67.9
67.8
67.8
67.8
67.7
67.6
67.6
67.6
67.5
67.4
67.4
67.4
67.2
67.1
67.1
66.8
66.8
66.8
66.7
66.6
66.6
66.6
66.6
66.4
66.4
66.2
66.2
66.2
66.1
66.0
65.9
65.8
65.8
65.6
65.6
65.6
65.5
65.4
65.1
65.1
65.0
64.9
64.6
64.5
64.5
64.4
64.4
64.1
63.8
63.7
63.7
63.7
63.5
63.3
63.2
63.0
63.0
63.0
62.8
62.8
62.8
62.8
62.7
62.7
62.2
62.2
62.2
62.2
62.2
62.1
62.1
61.9
61.8
61.8
61.6
61.4
61.2
61.1
61.0
60.9
60.8
60.6
60.6
60.5
60.2
60.1
60.0
60.0
59.9
59.8
59.6
59.6
59.6
59.4
59.4
59.2
59.1
59.1
59.0
58.8
58.6
58.4
58.3
57.9
57.9
57.7
57.6
57.2
57.2
57.2
57.1
56.9
56.6
56.5
56.4
56.2
56.2
56.2
56.2
55.9
55.9
55.8
55.8
55.8
55.6
55.5
55.5
55.4
55.4
55.0
55.0
55.0
54.9
54.9
54.8
54.7
54.7
54.6
54.5
54.5
54.5
54.1
54.0
53.8
53.4
53.4
53.2
53.1
53.0
53.0
53.0
53.0
52.9
52.8
52.7
52.6
52.6
52.5
52.4
52.0
51.9
51.8
51.7
51.7
51.7
51.5
51.4
51.4
51.4
51.1
51.0
50.9
50.8
50.7
50.6
50.6
50.5
50.4
50.4
50.3
50.2
50.2
50.1
49.9
49.9
49.9
49.7
49.7
49.7
49.6
49.5
49.5
49.3
49.2
49.2
49.0
49.0
49.0
49.0
49.0
48.9
48.9
48.8
48.8
48.8
48.8
48.6
48.4
48.3
48.3
48.3
48.3
48.3
48.2
48.1
48.1
48.1
47.9
47.8
47.8
47.6
47.6
47.5
47.4
47.4
47.3
47.3
47.1
47.1
47.1
47.0
46.9
46.8
46.8
46.6
46.5
46.4
46.4
46.3
46.2
46.2
46.2
46.1
46.1
46.0
46.0
46.0
45.9
45.9
45.9
45.9
45.9
45.8
45.2
45.1
45.0
44.9
44.8
44.8
44.8
44.7
44.6
44.5
44.5
44.5
44.4
44.2
44.0
44.0
43.8
43.8
43.7
43.7
43.5
43.4
43.3
43.0
43.0
42.9
42.9
42.8
42.7
42.6
42.5
42.4
42.4
42.3
42.1
42.1
42.0
41.8
41.8
41.6
41.5
41.5
41.4
41.3
41.2
41.2
41.2
41.1
41.0
40.9
40.9
40.7
40.7
40.6
40.4
40.3
40.2
40.2
40.2
39.8
39.8
39.7
39.6
39.6
39.5
39.3
39.2
39.1
38.9
38.8
38.7
38.6
37.9
37.8
37.7
37.4
36.5
35.6
35.2
35.1
34.8
34.7
34.5
34.5
32.9
32.5
31.1
30.7
30.6
27.9
26.6
25.8
24.8
