91.84761060882146
91.43722986539353
91.81039367461017
89.85192035079797
91.11853878496058
91.55528337955963
92.0404647425501
91.32256594387391
92.00244222442781
91.60054995303803
91.96045104139233
91.88322805868007
91.70423462091681
91.69068571303224
91.56682915407981
91.66543835971005
90.19705275447726
91.65742456787393
91.8938015523575
92.2180811199223
91.83941652834392
89.90911182812744
91.96751256457425
90.87982834057595
91.38815125011473
91.89312739007656
91.38801397232206
90.46973349045298
91.27861425708562
89.61836936147215
91.96054410164555
92.39613346444975
91.71101995158521
91.71283406298994
91.34398193148807
92.19559382916412
91.29517215290014
91.86178200018824
92.7364400196265
92.35803625349894
91.67264285912164
91.7687714434057
89.41145299935128
90.53995354785414
91.54218935173354
91.728249002611
91.15308066295316
90.66837507881073
91.6266285220017
92.15013661860962
91.94512976728672
90.2310502140924
91.61426512378779
90.62397770205558
91.48398423866155
91.95913980278685
91.29505539233693
91.42595700331812
91.08809554281902
91.64137158639716
90.26732110347014
90.59906038105916
91.30934257756569
91.97767400966316
91.5592261408293
91.18944773733092
91.75417148075671
92.0288501276923
90.30759444622196
92.03614553112008
91.66777816346197
92.07732353194889
92.11345996879295
91.94463319098617
92.24741416569816
91.80144865548341
90.73358374401154
91.37013179348658
91.27406986740522
89.62877177832803
91.84857242805171
90.15627306961048
91.96551548825661
91.79867882498156
91.66535762122618
91.57032902451003
91.40440093181648
91.77973963634236
90.57088083154638
91.59041751876823
92.3947964341431
91.715389550494
92.0447384517207
91.71270714975007
91.03708561923622
91.53515818448636
91.64811696677823
91.55320220366447
90.52229051785194
91.71259638669709
91.65658068768843
90.95036965836032
91.77945641520706
91.46845142153067
91.36801684784746
91.86667010240933
91.45563494391195
92.05870896425195
92.09967761508487
91.40576788412069
90.59027012558425
92.13358302770347
91.55346827059596
92.59305379734549
91.66650876325296
91.94379855744415
90.9155317386928
91.43067356900676
91.771397346872
91.52100848049679
89.9356502669617
91.96465264883216
90.36850722729334
90.6773895935389
91.9006801702111
89.76564610386716
91.9402970075957
91.29644990275978
91.74221001077704
89.24974903772318
92.18088845084422
91.83581974285399
92.14937877845468
91.5115029491489
92.19068338447161
91.82122415364786
91.72392596855299
91.85536827948197
91.82002726648692
90.47600261489636
90.40130009687564
90.20861941523938
91.90681527149023
89.07293901485784
91.62338529800707
91.58109613579582
91.56607183538966
91.97645108222017
91.83263752497082
91.42357393409351
91.92325872911032
91.23673884425502
92.10928422240534
91.71244583989433
91.42867619790759
92.42321623671819
89.93060068681307
91.95184882376824
91.18177946695579
91.28717364411803
89.69666965319594
92.03390541730646
91.168706312212
91.84714091847404
91.61315268880769
91.3139332109546
89.68889786324556
90.83106309053811
90.28722747608431
91.7529153818699
91.73268400350157
91.96060752715914
91.28587583875648
91.91924684496252
90.31312532467648
91.73736892209627
92.00202660205079
91.88824379607122
91.82411145017346
91.5770455760368
89.48146177453754
91.5608658557111
89.67674156708851
92.34889291117342
91.53211803893997
89.39170888289347
92.08858943359421
91.80523670446902
91.46774702059015
91.87450769114591
89.0726337706771
91.95259542561155
90.54609625574491
91.40112059865834
90.52368823722361
91.8698701780366
90.81512006833428
91.51669818102528
91.47110104294927
92.16345568169359
91.72448272948155
89.97237573915656
91.71805701696191
91.57577435599322
90.60681052558347
91.21353030917626
91.44562224824335
90.0439536668194
91.85752401153387
91.38623767734157
91.77985055607294
91.82626987235908
91.53854686028158
91.94833163570895
90.6848993836963
90.93568940614293
92.1068885326791
92.04057066855566
90.13239433116378
90.94366155253753
89.99323491719973
91.77608841422577
91.32734713932032
92.17470657161047
91.67425488467177
92.3780862016204
91.87971071681895
91.3113445061634
91.96676824150916
91.55626688424897
91.49647111271038
92.27074549125103
91.76325930287317
90.21535306107543
91.54093444509913
91.71969409633117
91.9018542323872
89.94442230674524
90.25080526780594
91.87100444758265
92.12882482878776
91.65676687237604
91.77135758659479
92.2090847069444
91.8654452223166
92.03874156557814
91.94815603571638
91.77403041161284
90.07136147496689
91.51848737556737
91.45870770213789
89.75717778277945
91.64163533561147
92.27680171108429
89.57453686631408
91.87471737602208
91.79878386747045
91.32093738708578
91.77646242364685
91.20580357944894
91.50946812602142
91.38025622325131
90.37610719369793
91.64184486307693
89.91799650694243
91.58596191190445
91.57650555178337
91.73098974642825
92.22465046585911
91.49555038450417
91.63204052874218
91.98386444669708
89.85681887615466
91.60400362161256
91.65585364258118
91.62237195975547
91.50472585369909
91.65970523182958
91.9141730166688
91.7733838817717
90.80983471464333
91.78931367637877
91.51318184984537
91.5284382813825
89.83980420140833
92.14741246032077
91.61057949647022
91.75682398733257
91.64005537705103
92.16982622236057
92.27670016774397
91.50600968372629
91.87356117621081
91.77556343126223
91.74122808165306
91.27998057720032
92.05028862526055
90.6366670352499
91.90627988056649
92.15288202273855
91.15920693297683
91.53752896738223
91.72637107009679
92.60219588743733
91.77541545112777
90.3634358343294
89.83255671912504
91.02618862868646
91.18499828363178
91.31337280383465
91.73867852516443
91.79082514862829
91.67128765812012
91.53233305021821
91.29994430084288
91.57545676855848
91.67967670359751
91.85203810065453
91.70314931652928
92.05858354867345
91.73179923447054
91.48705633022567
92.25502853044912
91.28385391626266
91.16667186672704
91.82764521516141
89.94509567120724
92.06081125302464
92.51969319159507
91.96136024910341
90.57060266551925
91.52127246709787
90.74555554262923
91.76701085746882
91.75846572635517
91.26428660335716
91.18810439456608
91.64487914709798
91.06506962833753
92.1729815942328
91.51285953542799
91.0687942641288
91.71432461753535
92.09215660776296
91.82094813004886
89.37725331119579
91.88129040474884
89.35433036852011
91.82525428783462
91.91942907307347
91.82391557675176
91.3260128756198
91.03153602650517
88.67153186430674
91.78703956860936
92.08388566825394
91.80788017485494
91.90222030128781
92.04709821967309
89.84319539725836
89.98980939008194
92.26408516653827
91.70370867072373
92.32288406235195
90.45605816929874
91.50195605096138
91.45044815316349
91.56345445180551
92.08367715474365
92.44721545776946
91.69092132532563
91.81755050988228
91.84195428688939
89.16131423645635
92.22560689002022
91.57202399228959
91.69909954354635
89.60252070420881
90.18285765673741
92.20768915252374
90.98175227689359
91.7021905218095
90.71489018345943
91.36720704664712
91.59942892713546
92.10234753032532
91.7735125681048
91.9537012155211
91.17345287739784
90.84660383488634
91.88362695387727
91.34013639500735
91.43857502705367
91.37481123668086
91.63129644787878
91.46887522439839
91.08212574551314
91.57693871291303
91.87283553641272
92.11455030227975
91.13065202024411
91.82713116978624
90.34842576173102
92.22476141951272
92.10964575701968
89.69996842605109
91.9462362446753
91.51831865874698
90.20326626161523
89.90309044501507
91.83632240223868
91.58694417923896
92.13061174555875
91.58147587730384
91.36205325604371
91.70030472288366
91.37566551750069
90.09069730028645
91.6743890348977
91.83125731926779
89.78802415047153
92.4348197380274
91.82941686186744
91.63497656703754
91.17876650676445
91.92017570864792
92.1993386089969
92.13800281987399
92.59577680231833
89.532107417439
91.61009316730488
92.14623059421
92.10369754067757
91.56386435646621
90.62540305728164
91.44635031441739
91.89754715287596
89.95762592952708
91.46900700437986
91.53831776912087
91.94586096301818
91.8218397824455
91.97642469304178
91.55079926825823
91.68444138764359
90.66953312995325
91.52639458682772
92.08366606329724
91.52081644215428
92.36502747789415
91.59126526803975
90.29383800023996
89.6711233964539
91.89576790759428
90.23944922634087
92.05686088734636
91.70125063184935
90.19172379539962
91.82560209672725
91.90818481432738
91.80229581892412
91.43735349494338
91.73214553049854
91.89550354281484
91.52072200857313
92.04428361398124
91.50629337864926
91.86031789688143
91.60056336489265
91.69879651998342
89.46468557956267
90.00428260180755
92.14533349140508
90.1889715819222
91.39468413745205
92.06849423589512
90.168143631181
91.33253616955778
90.01398811478798
91.72771922655957
91.98555630018573
91.64526098285394
91.68550643645253
89.38558402433965
91.38519254767887
91.82215218551424
91.44758487855705
91.8564226619983
91.65266103313677
91.4173196472837
90.35413629984362
91.5946021783732
91.67947059135196
91.91287749765202
91.65697661373856
91.85271923814948
92.21986535861447
90.6238768079123
91.8053817047018
91.53613690736319
