96.1
96.1
96.0
96.0
96.0
96.0
96.0
95.9
95.9
95.9
95.9
95.9
95.9
95.9
95.9
95.9
95.9
95.9
95.9
95.9
95.9
95.9
95.9
95.9
95.9
95.9
95.9
95.9
95.9
95.9
95.9
95.9
95.9
95.9
95.9
95.9
95.9
95.9
95.9
95.9
95.9
95.9
95.9
95.9
95.9
95.9
95.9
95.9
95.9
95.8
95.8
95.8
95.8
95.8
95.8
95.8
95.8
95.8
95.8
95.8
95.8
95.8
95.8
95.8
95.8
95.8
95.8
95.8
95.8
95.8
95.8
95.8
95.8
95.8
95.8
95.8
95.8
95.8
95.8
95.8
95.8
95.8
95.8
95.8
95.8
95.8
95.8
95.8
95.8
95.8
95.8
95.8
95.8
95.8
95.8
95.8
95.8
95.8
95.8
95.8
95.8
95.8
95.8
95.8
95.8
95.8
95.8
95.8
95.8
95.7
95.7
95.7
95.7
95.7
95.7
95.7
95.7
95.7
95.7
95.7
95.7
95.7
95.7
95.7
95.7
95.7
95.7
95.7
95.7
95.7
95.7
95.7
95.7
95.7
95.7
95.7
95.7
95.7
95.7
95.7
95.7
95.7
95.7
95.7
95.7
95.7
95.6
95.6
95.6
95.6
95.6
95.6
95.6
95.6
95.6
95.6
95.6
95.6
95.6
95.6
95.6
95.6
95.6
95.6
95.6
95.6
95.6
95.6
95.6
95.6
95.6
95.6
95.6
95.6
95.6
95.6
95.6
95.6
95.6
95.6
95.6
95.6
95.6
95.6
95.6
95.6
95.6
95.6
95.6
95.6
95.6
95.6
95.6
95.6
95.6
95.6
95.6
95.6
95.6
95.6
95.6
95.6
95.6
95.5
95.5
95.5
95.5
95.5
95.5
95.5
95.5
95.5
95.5
95.5
95.5
95.5
95.5
95.5
95.5
95.5
95.5
95.5
95.5
95.5
95.5
95.5
95.5
95.5
95.5
95.5
95.5
95.5
95.5
95.5
95.5
95.5
95.5
95.5
95.5
95.5
95.5
95.5
95.5
95.5
95.5
95.4
95.4
95.4
95.4
95.4
95.4
95.4
95.4
95.4
95.4
95.4
95.4
95.4
95.4
95.4
95.4
95.4
95.4
95.4
95.4
95.4
95.4
95.4
95.4
95.4
95.4
95.4
95.4
95.4
95.4
95.4
95.4
95.4
95.4
95.4
95.4
95.4
95.4
95.4
95.4
95.4
95.4
95.4
95.4
95.4
95.4
95.4
95.4
95.4
95.4
95.4
95.4
95.4
95.4
95.4
95.4
95.4
95.4
95.4
95.4
95.4
95.4
95.4
95.4
95.4
95.4
95.4
95.4
95.4
95.4
95.4
95.4
95.4
95.4
95.4
95.4
95.4
95.4
95.4
95.4
95.4
95.4
95.4
95.4
95.4
95.4
95.4
95.4
95.3
95.3
95.3
95.3
95.3
95.3
95.3
95.3
95.3
95.3
95.3
95.3
95.3
95.3
95.3
95.3
95.3
95.3
95.3
95.3
95.3
95.3
95.3
95.3
95.3
95.3
95.3
95.3
95.3
95.3
95.3
95.3
95.3
95.3
95.3
95.3
95.3
95.3
95.2
95.2
95.2
95.2
95.2
95.2
95.2
95.2
95.2
95.2
95.2
95.2
95.2
95.2
95.2
95.2
95.2
95.2
95.2
95.2
95.2
95.2
95.2
95.2
95.2
95.2
95.2
95.2
95.2
95.2
95.2
95.2
95.2
95.2
95.2
95.2
95.2
95.2
95.2
95.2
95.2
95.2
95.2
95.2
95.2
95.2
95.2
95.2
95.2
95.2
95.2
95.2
95.2
95.2
95.2
95.2
95.2
95.2
95.2
95.2
95.2
95.2
95.2
95.2
95.2
95.2
95.2
95.2
95.2
95.2
95.1
95.1
95.1
95.1
95.1
95.1
95.1
95.1
95.1
95.1
95.1
95.1
95.1
95.1
95.1
95.1
95.1
95.1
95.1
95.1
95.1
95.1
95.1
95.1
95.1
95.1
95.1
95.1
95.1
95.1
95.1
95.1
95.1
95.1
95.1
95.1
95.1
95.1
95.1
95.0
95.0
95.0
95.0
95.0
95.0
95.0
95.0
95.0
95.0
95.0
95.0
95.0
95.0
94.9
94.9
94.9
94.9
94.9
94.9
