93.9
93.5
93.4
93.3
93.3
93.2
92.9
92.8
92.8
92.6
92.6
92.6
92.5
92.2
92.2
92.2
92.2
92.1
92.0
92.0
91.9
91.9
91.9
91.8
91.8
91.7
91.7
91.7
91.7
91.7
91.7
91.6
91.6
91.6
91.6
91.5
91.5
91.5
91.5
91.5
91.5
91.5
91.4
91.4
91.4
91.4
91.4
91.4
91.4
91.4
91.4
91.3
91.3
91.3
91.2
91.2
91.2
91.2
91.2
91.2
91.2
91.1
91.0
91.0
90.9
90.9
90.9
90.9
90.9
90.8
90.8
90.8
90.8
90.8
90.8
90.8
90.8
90.8
90.7
90.6
90.6
90.6
90.6
90.6
90.6
90.6
90.6
90.5
90.5
90.4
90.4
90.4
90.4
90.4
90.4
90.3
90.3
90.3
90.3
90.3
90.2
90.2
90.2
90.2
90.2
90.2
90.1
90.1
90.1
90.0
90.0
90.0
89.9
89.9
89.9
89.9
89.9
89.9
89.9
89.9
89.8
89.7
89.7
89.7
89.6
89.6
89.5
89.5
89.5
89.4
89.4
89.3
89.2
89.2
89.2
89.2
89.2
89.2
89.2
89.1
89.1
89.1
89.1
89.0
89.0
89.0
89.0
89.0
88.9
88.9
88.9
88.9
88.9
88.9
88.9
88.9
88.8
88.8
88.8
88.8
88.8
88.8
88.7
88.6
88.6
88.6
88.6
88.6
88.6
88.4
88.4
88.4
88.3
88.3
88.2
88.2
88.1
88.1
88.1
88.1
88.1
88.0
88.0
87.9
87.9
87.9
87.7
87.7
87.6
87.6
87.6
87.5
87.5
87.4
87.4
87.4
87.4
87.4
87.4
87.4
87.3
87.3
87.3
87.3
87.2
87.2
87.1
87.1
87.1
87.1
87.0
87.0
86.9
86.9
86.9
86.9
86.9
86.9
86.8
86.7
86.7
86.6
86.6
86.6
86.5
86.5
86.5
86.4
86.4
86.4
86.2
86.1
86.1
86.1
86.1
86.1
86.1
86.0
85.9
85.9
85.9
85.9
85.9
85.9
85.8
85.7
85.7
85.7
85.6
85.6
85.6
85.5
85.5
85.4
85.4
85.4
85.4
85.4
85.3
85.2
85.2
85.2
85.1
85.1
85.1
85.1
85.1
85.1
84.9
84.9
84.9
84.9
84.8
84.8
84.8
84.7
84.6
84.6
84.6
84.6
84.6
84.6
84.6
84.5
84.5
84.4
84.4
84.4
84.4
84.4
84.3
84.3
84.2
84.2
84.2
84.2
84.2
84.1
84.1
84.1
84.1
84.1
84.1
84.1
83.9
83.9
83.9
83.9
83.9
83.8
83.8
83.7
83.7
83.6
83.6
83.6
83.6
83.5
83.4
83.4
83.4
83.3
83.3
83.2
83.2
83.2
83.2
83.1
83.1
83.1
83.1
83.0
82.9
82.9
82.9
82.9
82.7
82.6
82.6
82.6
82.6
82.6
82.4
82.4
82.4
82.4
82.3
82.2
82.2
82.2
82.2
82.2
82.2
82.1
82.1
82.1
82.1
82.1
82.1
81.9
81.9
81.9
81.9
81.9
81.9
81.9
81.9
81.9
81.9
81.8
81.8
81.8
81.8
81.7
81.6
81.6
81.6
81.6
81.5
81.5
81.4
81.4
81.4
81.3
81.2
81.2
81.2
81.1
81.1
81.1
81.0
80.9
80.9
80.9
80.9
80.8
80.7
80.7
80.7
80.6
80.6
80.6
80.6
80.5
80.4
80.4
80.4
80.3
80.2
80.2
80.2
80.2
80.1
79.9
79.9
79.9
79.9
79.9
79.8
79.8
79.8
79.8
79.7
79.7
79.6
79.6
79.6
79.4
79.4
79.4
79.3
79.3
79.2
79.2
79.1
79.1
79.0
78.9
78.8
78.7
78.6
78.6
78.4
78.3
78.3
78.2
78.1
77.8
77.8
77.7
77.6
77.4
77.3
77.2
77.1
77.1
77.1
77.1
76.9
76.8
76.6
76.4
76.2
75.9
75.9
75.8
75.6
75.5
75.4
75.4
75.3
75.0
74.9
74.6
74.5
73.5
73.4
72.8
72.7
72.2
71.2
71.0
70.8
68.8
68.1
67.9
67.1
66.3
66.0
64.7
61.8
61.6
61.6
61.2
60.8
60.4
60.1
59.2
58.6
54.6
